50 50
0 0 1
0 1 2
0 2 3
0 3 4
0 4 5
0 5 6
0 6 7
0 7 8
0 8 9
0 9 10
0 10 11
0 11 12
0 12 13
0 13 14
0 14 15
0 15 16
0 16 17
0 17 18
0 18 19
0 19 20
0 20 21
0 21 22
0 22 23
0 23 24
0 24 25
0 25 26
0 26 27
0 27 28
0 28 29
0 29 30
0 30 31
0 31 32
0 32 33
0 33 34
0 34 35
0 35 36
0 36 37
0 37 38
0 38 39
0 39 40
0 40 41
0 41 42
0 42 43
0 43 44
0 44 45
0 45 46
0 46 47
0 47 48
0 48 49
0 49 50
1 0 1
1 1 2
1 2 3
1 3 4
1 4 5
1 5 6
1 6 7
1 7 8
1 8 9
1 9 10
1 10 11
1 11 12
1 12 13
1 13 14
1 14 15
1 15 16
1 16 17
1 17 18
1 18 19
1 19 20
1 20 21
1 21 22
1 22 23
1 23 24
1 24 25
1 25 26
1 26 27
1 27 28
1 28 29
1 29 30
1 30 31
1 31 32
1 32 33
1 33 34
1 34 35
1 35 36
1 36 37
1 37 38
1 38 39
1 39 40
1 40 41
1 41 42
1 42 43
1 43 44
1 44 45
1 45 46
1 46 47
1 47 48
1 48 49
1 49 50
2 0 1
2 1 2
2 2 3
2 3 4
2 4 5
2 5 6
2 6 7
2 7 8
2 8 9
2 9 10
2 10 11
2 11 12
2 12 13
2 13 14
2 14 15
2 15 16
2 16 17
2 17 18
2 18 19
2 19 20
2 20 21
2 21 22
2 22 23
2 23 24
2 24 25
2 25 26
2 26 27
2 27 28
2 28 29
2 29 30
2 30 31
2 31 32
2 32 33
2 33 34
2 34 35
2 35 36
2 36 37
2 37 38
2 38 39
2 39 40
2 40 41
2 41 42
2 42 43
2 43 44
2 44 45
2 45 46
2 46 47
2 47 48
2 48 49
2 49 50
3 0 1
3 1 2
3 2 3
3 3 4
3 4 5
3 5 6
3 6 7
3 7 8
3 8 9
3 9 10
3 10 11
3 11 12
3 12 13
3 13 14
3 14 15
3 15 16
3 16 17
3 17 18
3 18 19
3 19 20
3 20 21
3 21 22
3 22 23
3 23 24
3 24 25
3 25 26
3 26 27
3 27 28
3 28 29
3 29 30
3 30 31
3 31 32
3 32 33
3 33 34
3 34 35
3 35 36
3 36 37
3 37 38
3 38 39
3 39 40
3 40 41
3 41 42
3 42 43
3 43 44
3 44 45
3 45 46
3 46 47
3 47 48
3 48 49
3 49 50
4 0 1
4 1 2
4 2 3
4 3 4
4 4 5
4 5 6
4 6 7
4 7 8
4 8 9
4 9 10
4 10 11
4 11 12
4 12 13
4 13 14
4 14 15
4 15 16
4 16 17
4 17 18
4 18 19
4 19 20
4 20 21
4 21 22
4 22 23
4 23 24
4 24 25
4 25 26
4 26 27
4 27 28
4 28 29
4 29 30
4 30 31
4 31 32
4 32 33
4 33 34
4 34 35
4 35 36
4 36 37
4 37 38
4 38 39
4 39 40
4 40 41
4 41 42
4 42 43
4 43 44
4 44 45
4 45 46
4 46 47
4 47 48
4 48 49
4 49 50
5 0 1
5 1 2
5 2 3
5 3 4
5 4 5
5 5 6
5 6 7
5 7 8
5 8 9
5 9 10
5 10 11
5 11 12
5 12 13
5 13 14
5 14 15
5 15 16
5 16 17
5 17 18
5 18 19
5 19 20
5 20 21
5 21 22
5 22 23
5 23 24
5 24 25
5 25 26
5 26 27
5 27 28
5 28 29
5 29 30
5 30 31
5 31 32
5 32 33
5 33 34
5 34 35
5 35 36
5 36 37
5 37 38
5 38 39
5 39 40
5 40 41
5 41 42
5 42 43
5 43 44
5 44 45
5 45 46
5 46 47
5 47 48
5 48 49
5 49 50
6 0 1
6 1 2
6 2 3
6 3 4
6 4 5
6 5 6
6 6 7
6 7 8
6 8 9
6 9 10
6 10 11
6 11 12
6 12 13
6 13 14
6 14 15
6 15 16
6 16 17
6 17 18
6 18 19
6 19 20
6 20 21
6 21 22
6 22 23
6 23 24
6 24 25
6 25 26
6 26 27
6 27 28
6 28 29
6 29 30
6 30 31
6 31 32
6 32 33
6 33 34
6 34 35
6 35 36
6 36 37
6 37 38
6 38 39
6 39 40
6 40 41
6 41 42
6 42 43
6 43 44
6 44 45
6 45 46
6 46 47
6 47 48
6 48 49
6 49 50
7 0 1
7 1 2
7 2 3
7 3 4
7 4 5
7 5 6
7 6 7
7 7 8
7 8 9
7 9 10
7 10 11
7 11 12
7 12 13
7 13 14
7 14 15
7 15 16
7 16 17
7 17 18
7 18 19
7 19 20
7 20 21
7 21 22
7 22 23
7 23 24
7 24 25
7 25 26
7 26 27
7 27 28
7 28 29
7 29 30
7 30 31
7 31 32
7 32 33
7 33 34
7 34 35
7 35 36
7 36 37
7 37 38
7 38 39
7 39 40
7 40 41
7 41 42
7 42 43
7 43 44
7 44 45
7 45 46
7 46 47
7 47 48
7 48 49
7 49 50
8 0 1
8 1 2
8 2 3
8 3 4
8 4 5
8 5 6
8 6 7
8 7 8
8 8 9
8 9 10
8 10 11
8 11 12
8 12 13
8 13 14
8 14 15
8 15 16
8 16 17
8 17 18
8 18 19
8 19 20
8 20 21
8 21 22
8 22 23
8 23 24
8 24 25
8 25 26
8 26 27
8 27 28
8 28 29
8 29 30
8 30 31
8 31 32
8 32 33
8 33 34
8 34 35
8 35 36
8 36 37
8 37 38
8 38 39
8 39 40
8 40 41
8 41 42
8 42 43
8 43 44
8 44 45
8 45 46
8 46 47
8 47 48
8 48 49
8 49 50
9 0 1
9 1 2
9 2 3
9 3 4
9 4 5
9 5 6
9 6 7
9 7 8
9 8 9
9 9 10
9 10 11
9 11 12
9 12 13
9 13 14
9 14 15
9 15 16
9 16 17
9 17 18
9 18 19
9 19 20
9 20 21
9 21 22
9 22 23
9 23 24
9 24 25
9 25 26
9 26 27
9 27 28
9 28 29
9 29 30
9 30 31
9 31 32
9 32 33
9 33 34
9 34 35
9 35 36
9 36 37
9 37 38
9 38 39
9 39 40
9 40 41
9 41 42
9 42 43
9 43 44
9 44 45
9 45 46
9 46 47
9 47 48
9 48 49
9 49 50
10 0 1
10 1 2
10 2 3
10 3 4
10 4 5
10 5 6
10 6 7
10 7 8
10 8 9
10 9 10
10 10 11
10 11 12
10 12 13
10 13 14
10 14 15
10 15 16
10 16 17
10 17 18
10 18 19
10 19 20
10 20 21
10 21 22
10 22 23
10 23 24
10 24 25
10 25 26
10 26 27
10 27 28
10 28 29
10 29 30
10 30 31
10 31 32
10 32 33
10 33 34
10 34 35
10 35 36
10 36 37
10 37 38
10 38 39
10 39 40
10 40 41
10 41 42
10 42 43
10 43 44
10 44 45
10 45 46
10 46 47
10 47 48
10 48 49
10 49 50
11 0 1
11 1 2
11 2 3
11 3 4
11 4 5
11 5 6
11 6 7
11 7 8
11 8 9
11 9 10
11 10 11
11 11 12
11 12 13
11 13 14
11 14 15
11 15 16
11 16 17
11 17 18
11 18 19
11 19 20
11 20 21
11 21 22
11 22 23
11 23 24
11 24 25
11 25 26
11 26 27
11 27 28
11 28 29
11 29 30
11 30 31
11 31 32
11 32 33
11 33 34
11 34 35
11 35 36
11 36 37
11 37 38
11 38 39
11 39 40
11 40 41
11 41 42
11 42 43
11 43 44
11 44 45
11 45 46
11 46 47
11 47 48
11 48 49
11 49 50
12 0 1
12 1 2
12 2 3
12 3 4
12 4 5
12 5 6
12 6 7
12 7 8
12 8 9
12 9 10
12 10 11
12 11 12
12 12 13
12 13 14
12 14 15
12 15 16
12 16 17
12 17 18
12 18 19
12 19 20
12 20 21
12 21 22
12 22 23
12 23 24
12 24 25
12 25 26
12 26 27
12 27 28
12 28 29
12 29 30
12 30 31
12 31 32
12 32 33
12 33 34
12 34 35
12 35 36
12 36 37
12 37 38
12 38 39
12 39 40
12 40 41
12 41 42
12 42 43
12 43 44
12 44 45
12 45 46
12 46 47
12 47 48
12 48 49
12 49 50
13 0 1
13 1 2
13 2 3
13 3 4
13 4 5
13 5 6
13 6 7
13 7 8
13 8 9
13 9 10
13 10 11
13 11 12
13 12 13
13 13 14
13 14 15
13 15 16
13 16 17
13 17 18
13 18 19
13 19 20
13 20 21
13 21 22
13 22 23
13 23 24
13 24 25
13 25 26
13 26 27
13 27 28
13 28 29
13 29 30
13 30 31
13 31 32
13 32 33
13 33 34
13 34 35
13 35 36
13 36 37
13 37 38
13 38 39
13 39 40
13 40 41
13 41 42
13 42 43
13 43 44
13 44 45
13 45 46
13 46 47
13 47 48
13 48 49
13 49 50
14 0 1
14 1 2
14 2 3
14 3 4
14 4 5
14 5 6
14 6 7
14 7 8
14 8 9
14 9 10
14 10 11
14 11 12
14 12 13
14 13 14
14 14 15
14 15 16
14 16 17
14 17 18
14 18 19
14 19 20
14 20 21
14 21 22
14 22 23
14 23 24
14 24 25
14 25 26
14 26 27
14 27 28
14 28 29
14 29 30
14 30 31
14 31 32
14 32 33
14 33 34
14 34 35
14 35 36
14 36 37
14 37 38
14 38 39
14 39 40
14 40 41
14 41 42
14 42 43
14 43 44
14 44 45
14 45 46
14 46 47
14 47 48
14 48 49
14 49 50
15 0 1
15 1 2
15 2 3
15 3 4
15 4 5
15 5 6
15 6 7
15 7 8
15 8 9
15 9 10
15 10 11
15 11 12
15 12 13
15 13 14
15 14 15
15 15 16
15 16 17
15 17 18
15 18 19
15 19 20
15 20 21
15 21 22
15 22 23
15 23 24
15 24 25
15 25 26
15 26 27
15 27 28
15 28 29
15 29 30
15 30 31
15 31 32
15 32 33
15 33 34
15 34 35
15 35 36
15 36 37
15 37 38
15 38 39
15 39 40
15 40 41
15 41 42
15 42 43
15 43 44
15 44 45
15 45 46
15 46 47
15 47 48
15 48 49
15 49 50
16 0 1
16 1 2
16 2 3
16 3 4
16 4 5
16 5 6
16 6 7
16 7 8
16 8 9
16 9 10
16 10 11
16 11 12
16 12 13
16 13 14
16 14 15
16 15 16
16 16 17
16 17 18
16 18 19
16 19 20
16 20 21
16 21 22
16 22 23
16 23 24
16 24 25
16 25 26
16 26 27
16 27 28
16 28 29
16 29 30
16 30 31
16 31 32
16 32 33
16 33 34
16 34 35
16 35 36
16 36 37
16 37 38
16 38 39
16 39 40
16 40 41
16 41 42
16 42 43
16 43 44
16 44 45
16 45 46
16 46 47
16 47 48
16 48 49
16 49 50
17 0 1
17 1 2
17 2 3
17 3 4
17 4 5
17 5 6
17 6 7
17 7 8
17 8 9
17 9 10
17 10 11
17 11 12
17 12 13
17 13 14
17 14 15
17 15 16
17 16 17
17 17 18
17 18 19
17 19 20
17 20 21
17 21 22
17 22 23
17 23 24
17 24 25
17 25 26
17 26 27
17 27 28
17 28 29
17 29 30
17 30 31
17 31 32
17 32 33
17 33 34
17 34 35
17 35 36
17 36 37
17 37 38
17 38 39
17 39 40
17 40 41
17 41 42
17 42 43
17 43 44
17 44 45
17 45 46
17 46 47
17 47 48
17 48 49
17 49 50
18 0 1
18 1 2
18 2 3
18 3 4
18 4 5
18 5 6
18 6 7
18 7 8
18 8 9
18 9 10
18 10 11
18 11 12
18 12 13
18 13 14
18 14 15
18 15 16
18 16 17
18 17 18
18 18 19
18 19 20
18 20 21
18 21 22
18 22 23
18 23 24
18 24 25
18 25 26
18 26 27
18 27 28
18 28 29
18 29 30
18 30 31
18 31 32
18 32 33
18 33 34
18 34 35
18 35 36
18 36 37
18 37 38
18 38 39
18 39 40
18 40 41
18 41 42
18 42 43
18 43 44
18 44 45
18 45 46
18 46 47
18 47 48
18 48 49
18 49 50
19 0 1
19 1 2
19 2 3
19 3 4
19 4 5
19 5 6
19 6 7
19 7 8
19 8 9
19 9 10
19 10 11
19 11 12
19 12 13
19 13 14
19 14 15
19 15 16
19 16 17
19 17 18
19 18 19
19 19 20
19 20 21
19 21 22
19 22 23
19 23 24
19 24 25
19 25 26
19 26 27
19 27 28
19 28 29
19 29 30
19 30 31
19 31 32
19 32 33
19 33 34
19 34 35
19 35 36
19 36 37
19 37 38
19 38 39
19 39 40
19 40 41
19 41 42
19 42 43
19 43 44
19 44 45
19 45 46
19 46 47
19 47 48
19 48 49
19 49 50
20 0 1
20 1 2
20 2 3
20 3 4
20 4 5
20 5 6
20 6 7
20 7 8
20 8 9
20 9 10
20 10 11
20 11 12
20 12 13
20 13 14
20 14 15
20 15 16
20 16 17
20 17 18
20 18 19
20 19 20
20 20 21
20 21 22
20 22 23
20 23 24
20 24 25
20 25 26
20 26 27
20 27 28
20 28 29
20 29 30
20 30 31
20 31 32
20 32 33
20 33 34
20 34 35
20 35 36
20 36 37
20 37 38
20 38 39
20 39 40
20 40 41
20 41 42
20 42 43
20 43 44
20 44 45
20 45 46
20 46 47
20 47 48
20 48 49
20 49 50
21 0 1
21 1 2
21 2 3
21 3 4
21 4 5
21 5 6
21 6 7
21 7 8
21 8 9
21 9 10
21 10 11
21 11 12
21 12 13
21 13 14
21 14 15
21 15 16
21 16 17
21 17 18
21 18 19
21 19 20
21 20 21
21 21 22
21 22 23
21 23 24
21 24 25
21 25 26
21 26 27
21 27 28
21 28 29
21 29 30
21 30 31
21 31 32
21 32 33
21 33 34
21 34 35
21 35 36
21 36 37
21 37 38
21 38 39
21 39 40
21 40 41
21 41 42
21 42 43
21 43 44
21 44 45
21 45 46
21 46 47
21 47 48
21 48 49
21 49 50
22 0 1
22 1 2
22 2 3
22 3 4
22 4 5
22 5 6
22 6 7
22 7 8
22 8 9
22 9 10
22 10 11
22 11 12
22 12 13
22 13 14
22 14 15
22 15 16
22 16 17
22 17 18
22 18 19
22 19 20
22 20 21
22 21 22
22 22 23
22 23 24
22 24 25
22 25 26
22 26 27
22 27 28
22 28 29
22 29 30
22 30 31
22 31 32
22 32 33
22 33 34
22 34 35
22 35 36
22 36 37
22 37 38
22 38 39
22 39 40
22 40 41
22 41 42
22 42 43
22 43 44
22 44 45
22 45 46
22 46 47
22 47 48
22 48 49
22 49 50
23 0 1
23 1 2
23 2 3
23 3 4
23 4 5
23 5 6
23 6 7
23 7 8
23 8 9
23 9 10
23 10 11
23 11 12
23 12 13
23 13 14
23 14 15
23 15 16
23 16 17
23 17 18
23 18 19
23 19 20
23 20 21
23 21 22
23 22 23
23 23 24
23 24 25
23 25 26
23 26 27
23 27 28
23 28 29
23 29 30
23 30 31
23 31 32
23 32 33
23 33 34
23 34 35
23 35 36
23 36 37
23 37 38
23 38 39
23 39 40
23 40 41
23 41 42
23 42 43
23 43 44
23 44 45
23 45 46
23 46 47
23 47 48
23 48 49
23 49 50
24 0 1
24 1 2
24 2 3
24 3 4
24 4 5
24 5 6
24 6 7
24 7 8
24 8 9
24 9 10
24 10 11
24 11 12
24 12 13
24 13 14
24 14 15
24 15 16
24 16 17
24 17 18
24 18 19
24 19 20
24 20 21
24 21 22
24 22 23
24 23 24
24 24 25
24 25 26
24 26 27
24 27 28
24 28 29
24 29 30
24 30 31
24 31 32
24 32 33
24 33 34
24 34 35
24 35 36
24 36 37
24 37 38
24 38 39
24 39 40
24 40 41
24 41 42
24 42 43
24 43 44
24 44 45
24 45 46
24 46 47
24 47 48
24 48 49
24 49 50
25 0 1
25 1 2
25 2 3
25 3 4
25 4 5
25 5 6
25 6 7
25 7 8
25 8 9
25 9 10
25 10 11
25 11 12
25 12 13
25 13 14
25 14 15
25 15 16
25 16 17
25 17 18
25 18 19
25 19 20
25 20 21
25 21 22
25 22 23
25 23 24
25 24 25
25 25 26
25 26 27
25 27 28
25 28 29
25 29 30
25 30 31
25 31 32
25 32 33
25 33 34
25 34 35
25 35 36
25 36 37
25 37 38
25 38 39
25 39 40
25 40 41
25 41 42
25 42 43
25 43 44
25 44 45
25 45 46
25 46 47
25 47 48
25 48 49
25 49 50
26 0 1
26 1 2
26 2 3
26 3 4
26 4 5
26 5 6
26 6 7
26 7 8
26 8 9
26 9 10
26 10 11
26 11 12
26 12 13
26 13 14
26 14 15
26 15 16
26 16 17
26 17 18
26 18 19
26 19 20
26 20 21
26 21 22
26 22 23
26 23 24
26 24 25
26 25 26
26 26 27
26 27 28
26 28 29
26 29 30
26 30 31
26 31 32
26 32 33
26 33 34
26 34 35
26 35 36
26 36 37
26 37 38
26 38 39
26 39 40
26 40 41
26 41 42
26 42 43
26 43 44
26 44 45
26 45 46
26 46 47
26 47 48
26 48 49
26 49 50
27 0 1
27 1 2
27 2 3
27 3 4
27 4 5
27 5 6
27 6 7
27 7 8
27 8 9
27 9 10
27 10 11
27 11 12
27 12 13
27 13 14
27 14 15
27 15 16
27 16 17
27 17 18
27 18 19
27 19 20
27 20 21
27 21 22
27 22 23
27 23 24
27 24 25
27 25 26
27 26 27
27 27 28
27 28 29
27 29 30
27 30 31
27 31 32
27 32 33
27 33 34
27 34 35
27 35 36
27 36 37
27 37 38
27 38 39
27 39 40
27 40 41
27 41 42
27 42 43
27 43 44
27 44 45
27 45 46
27 46 47
27 47 48
27 48 49
27 49 50
28 0 1
28 1 2
28 2 3
28 3 4
28 4 5
28 5 6
28 6 7
28 7 8
28 8 9
28 9 10
28 10 11
28 11 12
28 12 13
28 13 14
28 14 15
28 15 16
28 16 17
28 17 18
28 18 19
28 19 20
28 20 21
28 21 22
28 22 23
28 23 24
28 24 25
28 25 26
28 26 27
28 27 28
28 28 29
28 29 30
28 30 31
28 31 32
28 32 33
28 33 34
28 34 35
28 35 36
28 36 37
28 37 38
28 38 39
28 39 40
28 40 41
28 41 42
28 42 43
28 43 44
28 44 45
28 45 46
28 46 47
28 47 48
28 48 49
28 49 50
29 0 1
29 1 2
29 2 3
29 3 4
29 4 5
29 5 6
29 6 7
29 7 8
29 8 9
29 9 10
29 10 11
29 11 12
29 12 13
29 13 14
29 14 15
29 15 16
29 16 17
29 17 18
29 18 19
29 19 20
29 20 21
29 21 22
29 22 23
29 23 24
29 24 25
29 25 26
29 26 27
29 27 28
29 28 29
29 29 30
29 30 31
29 31 32
29 32 33
29 33 34
29 34 35
29 35 36
29 36 37
29 37 38
29 38 39
29 39 40
29 40 41
29 41 42
29 42 43
29 43 44
29 44 45
29 45 46
29 46 47
29 47 48
29 48 49
29 49 50
30 0 1
30 1 2
30 2 3
30 3 4
30 4 5
30 5 6
30 6 7
30 7 8
30 8 9
30 9 10
30 10 11
30 11 12
30 12 13
30 13 14
30 14 15
30 15 16
30 16 17
30 17 18
30 18 19
30 19 20
30 20 21
30 21 22
30 22 23
30 23 24
30 24 25
30 25 26
30 26 27
30 27 28
30 28 29
30 29 30
30 30 31
30 31 32
30 32 33
30 33 34
30 34 35
30 35 36
30 36 37
30 37 38
30 38 39
30 39 40
30 40 41
30 41 42
30 42 43
30 43 44
30 44 45
30 45 46
30 46 47
30 47 48
30 48 49
30 49 50
31 0 1
31 1 2
31 2 3
31 3 4
31 4 5
31 5 6
31 6 7
31 7 8
31 8 9
31 9 10
31 10 11
31 11 12
31 12 13
31 13 14
31 14 15
31 15 16
31 16 17
31 17 18
31 18 19
31 19 20
31 20 21
31 21 22
31 22 23
31 23 24
31 24 25
31 25 26
31 26 27
31 27 28
31 28 29
31 29 30
31 30 31
31 31 32
31 32 33
31 33 34
31 34 35
31 35 36
31 36 37
31 37 38
31 38 39
31 39 40
31 40 41
31 41 42
31 42 43
31 43 44
31 44 45
31 45 46
31 46 47
31 47 48
31 48 49
31 49 50
32 0 1
32 1 2
32 2 3
32 3 4
32 4 5
32 5 6
32 6 7
32 7 8
32 8 9
32 9 10
32 10 11
32 11 12
32 12 13
32 13 14
32 14 15
32 15 16
32 16 17
32 17 18
32 18 19
32 19 20
32 20 21
32 21 22
32 22 23
32 23 24
32 24 25
32 25 26
32 26 27
32 27 28
32 28 29
32 29 30
32 30 31
32 31 32
32 32 33
32 33 34
32 34 35
32 35 36
32 36 37
32 37 38
32 38 39
32 39 40
32 40 41
32 41 42
32 42 43
32 43 44
32 44 45
32 45 46
32 46 47
32 47 48
32 48 49
32 49 50
33 0 1
33 1 2
33 2 3
33 3 4
33 4 5
33 5 6
33 6 7
33 7 8
33 8 9
33 9 10
33 10 11
33 11 12
33 12 13
33 13 14
33 14 15
33 15 16
33 16 17
33 17 18
33 18 19
33 19 20
33 20 21
33 21 22
33 22 23
33 23 24
33 24 25
33 25 26
33 26 27
33 27 28
33 28 29
33 29 30
33 30 31
33 31 32
33 32 33
33 33 34
33 34 35
33 35 36
33 36 37
33 37 38
33 38 39
33 39 40
33 40 41
33 41 42
33 42 43
33 43 44
33 44 45
33 45 46
33 46 47
33 47 48
33 48 49
33 49 50
34 0 1
34 1 2
34 2 3
34 3 4
34 4 5
34 5 6
34 6 7
34 7 8
34 8 9
34 9 10
34 10 11
34 11 12
34 12 13
34 13 14
34 14 15
34 15 16
34 16 17
34 17 18
34 18 19
34 19 20
34 20 21
34 21 22
34 22 23
34 23 24
34 24 25
34 25 26
34 26 27
34 27 28
34 28 29
34 29 30
34 30 31
34 31 32
34 32 33
34 33 34
34 34 35
34 35 36
34 36 37
34 37 38
34 38 39
34 39 40
34 40 41
34 41 42
34 42 43
34 43 44
34 44 45
34 45 46
34 46 47
34 47 48
34 48 49
34 49 50
35 0 1
35 1 2
35 2 3
35 3 4
35 4 5
35 5 6
35 6 7
35 7 8
35 8 9
35 9 10
35 10 11
35 11 12
35 12 13
35 13 14
35 14 15
35 15 16
35 16 17
35 17 18
35 18 19
35 19 20
35 20 21
35 21 22
35 22 23
35 23 24
35 24 25
35 25 26
35 26 27
35 27 28
35 28 29
35 29 30
35 30 31
35 31 32
35 32 33
35 33 34
35 34 35
35 35 36
35 36 37
35 37 38
35 38 39
35 39 40
35 40 41
35 41 42
35 42 43
35 43 44
35 44 45
35 45 46
35 46 47
35 47 48
35 48 49
35 49 50
36 0 1
36 1 2
36 2 3
36 3 4
36 4 5
36 5 6
36 6 7
36 7 8
36 8 9
36 9 10
36 10 11
36 11 12
36 12 13
36 13 14
36 14 15
36 15 16
36 16 17
36 17 18
36 18 19
36 19 20
36 20 21
36 21 22
36 22 23
36 23 24
36 24 25
36 25 26
36 26 27
36 27 28
36 28 29
36 29 30
36 30 31
36 31 32
36 32 33
36 33 34
36 34 35
36 35 36
36 36 37
36 37 38
36 38 39
36 39 40
36 40 41
36 41 42
36 42 43
36 43 44
36 44 45
36 45 46
36 46 47
36 47 48
36 48 49
36 49 50
37 0 1
37 1 2
37 2 3
37 3 4
37 4 5
37 5 6
37 6 7
37 7 8
37 8 9
37 9 10
37 10 11
37 11 12
37 12 13
37 13 14
37 14 15
37 15 16
37 16 17
37 17 18
37 18 19
37 19 20
37 20 21
37 21 22
37 22 23
37 23 24
37 24 25
37 25 26
37 26 27
37 27 28
37 28 29
37 29 30
37 30 31
37 31 32
37 32 33
37 33 34
37 34 35
37 35 36
37 36 37
37 37 38
37 38 39
37 39 40
37 40 41
37 41 42
37 42 43
37 43 44
37 44 45
37 45 46
37 46 47
37 47 48
37 48 49
37 49 50
38 0 1
38 1 2
38 2 3
38 3 4
38 4 5
38 5 6
38 6 7
38 7 8
38 8 9
38 9 10
38 10 11
38 11 12
38 12 13
38 13 14
38 14 15
38 15 16
38 16 17
38 17 18
38 18 19
38 19 20
38 20 21
38 21 22
38 22 23
38 23 24
38 24 25
38 25 26
38 26 27
38 27 28
38 28 29
38 29 30
38 30 31
38 31 32
38 32 33
38 33 34
38 34 35
38 35 36
38 36 37
38 37 38
38 38 39
38 39 40
38 40 41
38 41 42
38 42 43
38 43 44
38 44 45
38 45 46
38 46 47
38 47 48
38 48 49
38 49 50
39 0 1
39 1 2
39 2 3
39 3 4
39 4 5
39 5 6
39 6 7
39 7 8
39 8 9
39 9 10
39 10 11
39 11 12
39 12 13
39 13 14
39 14 15
39 15 16
39 16 17
39 17 18
39 18 19
39 19 20
39 20 21
39 21 22
39 22 23
39 23 24
39 24 25
39 25 26
39 26 27
39 27 28
39 28 29
39 29 30
39 30 31
39 31 32
39 32 33
39 33 34
39 34 35
39 35 36
39 36 37
39 37 38
39 38 39
39 39 40
39 40 41
39 41 42
39 42 43
39 43 44
39 44 45
39 45 46
39 46 47
39 47 48
39 48 49
39 49 50
40 0 1
40 1 2
40 2 3
40 3 4
40 4 5
40 5 6
40 6 7
40 7 8
40 8 9
40 9 10
40 10 11
40 11 12
40 12 13
40 13 14
40 14 15
40 15 16
40 16 17
40 17 18
40 18 19
40 19 20
40 20 21
40 21 22
40 22 23
40 23 24
40 24 25
40 25 26
40 26 27
40 27 28
40 28 29
40 29 30
40 30 31
40 31 32
40 32 33
40 33 34
40 34 35
40 35 36
40 36 37
40 37 38
40 38 39
40 39 40
40 40 41
40 41 42
40 42 43
40 43 44
40 44 45
40 45 46
40 46 47
40 47 48
40 48 49
40 49 50
41 0 1
41 1 2
41 2 3
41 3 4
41 4 5
41 5 6
41 6 7
41 7 8
41 8 9
41 9 10
41 10 11
41 11 12
41 12 13
41 13 14
41 14 15
41 15 16
41 16 17
41 17 18
41 18 19
41 19 20
41 20 21
41 21 22
41 22 23
41 23 24
41 24 25
41 25 26
41 26 27
41 27 28
41 28 29
41 29 30
41 30 31
41 31 32
41 32 33
41 33 34
41 34 35
41 35 36
41 36 37
41 37 38
41 38 39
41 39 40
41 40 41
41 41 42
41 42 43
41 43 44
41 44 45
41 45 46
41 46 47
41 47 48
41 48 49
41 49 50
42 0 1
42 1 2
42 2 3
42 3 4
42 4 5
42 5 6
42 6 7
42 7 8
42 8 9
42 9 10
42 10 11
42 11 12
42 12 13
42 13 14
42 14 15
42 15 16
42 16 17
42 17 18
42 18 19
42 19 20
42 20 21
42 21 22
42 22 23
42 23 24
42 24 25
42 25 26
42 26 27
42 27 28
42 28 29
42 29 30
42 30 31
42 31 32
42 32 33
42 33 34
42 34 35
42 35 36
42 36 37
42 37 38
42 38 39
42 39 40
42 40 41
42 41 42
42 42 43
42 43 44
42 44 45
42 45 46
42 46 47
42 47 48
42 48 49
42 49 50
43 0 1
43 1 2
43 2 3
43 3 4
43 4 5
43 5 6
43 6 7
43 7 8
43 8 9
43 9 10
43 10 11
43 11 12
43 12 13
43 13 14
43 14 15
43 15 16
43 16 17
43 17 18
43 18 19
43 19 20
43 20 21
43 21 22
43 22 23
43 23 24
43 24 25
43 25 26
43 26 27
43 27 28
43 28 29
43 29 30
43 30 31
43 31 32
43 32 33
43 33 34
43 34 35
43 35 36
43 36 37
43 37 38
43 38 39
43 39 40
43 40 41
43 41 42
43 42 43
43 43 44
43 44 45
43 45 46
43 46 47
43 47 48
43 48 49
43 49 50
44 0 1
44 1 2
44 2 3
44 3 4
44 4 5
44 5 6
44 6 7
44 7 8
44 8 9
44 9 10
44 10 11
44 11 12
44 12 13
44 13 14
44 14 15
44 15 16
44 16 17
44 17 18
44 18 19
44 19 20
44 20 21
44 21 22
44 22 23
44 23 24
44 24 25
44 25 26
44 26 27
44 27 28
44 28 29
44 29 30
44 30 31
44 31 32
44 32 33
44 33 34
44 34 35
44 35 36
44 36 37
44 37 38
44 38 39
44 39 40
44 40 41
44 41 42
44 42 43
44 43 44
44 44 45
44 45 46
44 46 47
44 47 48
44 48 49
44 49 50
45 0 1
45 1 2
45 2 3
45 3 4
45 4 5
45 5 6
45 6 7
45 7 8
45 8 9
45 9 10
45 10 11
45 11 12
45 12 13
45 13 14
45 14 15
45 15 16
45 16 17
45 17 18
45 18 19
45 19 20
45 20 21
45 21 22
45 22 23
45 23 24
45 24 25
45 25 26
45 26 27
45 27 28
45 28 29
45 29 30
45 30 31
45 31 32
45 32 33
45 33 34
45 34 35
45 35 36
45 36 37
45 37 38
45 38 39
45 39 40
45 40 41
45 41 42
45 42 43
45 43 44
45 44 45
45 45 46
45 46 47
45 47 48
45 48 49
45 49 50
46 0 1
46 1 2
46 2 3
46 3 4
46 4 5
46 5 6
46 6 7
46 7 8
46 8 9
46 9 10
46 10 11
46 11 12
46 12 13
46 13 14
46 14 15
46 15 16
46 16 17
46 17 18
46 18 19
46 19 20
46 20 21
46 21 22
46 22 23
46 23 24
46 24 25
46 25 26
46 26 27
46 27 28
46 28 29
46 29 30
46 30 31
46 31 32
46 32 33
46 33 34
46 34 35
46 35 36
46 36 37
46 37 38
46 38 39
46 39 40
46 40 41
46 41 42
46 42 43
46 43 44
46 44 45
46 45 46
46 46 47
46 47 48
46 48 49
46 49 50
47 0 1
47 1 2
47 2 3
47 3 4
47 4 5
47 5 6
47 6 7
47 7 8
47 8 9
47 9 10
47 10 11
47 11 12
47 12 13
47 13 14
47 14 15
47 15 16
47 16 17
47 17 18
47 18 19
47 19 20
47 20 21
47 21 22
47 22 23
47 23 24
47 24 25
47 25 26
47 26 27
47 27 28
47 28 29
47 29 30
47 30 31
47 31 32
47 32 33
47 33 34
47 34 35
47 35 36
47 36 37
47 37 38
47 38 39
47 39 40
47 40 41
47 41 42
47 42 43
47 43 44
47 44 45
47 45 46
47 46 47
47 47 48
47 48 49
47 49 50
48 0 1
48 1 2
48 2 3
48 3 4
48 4 5
48 5 6
48 6 7
48 7 8
48 8 9
48 9 10
48 10 11
48 11 12
48 12 13
48 13 14
48 14 15
48 15 16
48 16 17
48 17 18
48 18 19
48 19 20
48 20 21
48 21 22
48 22 23
48 23 24
48 24 25
48 25 26
48 26 27
48 27 28
48 28 29
48 29 30
48 30 31
48 31 32
48 32 33
48 33 34
48 34 35
48 35 36
48 36 37
48 37 38
48 38 39
48 39 40
48 40 41
48 41 42
48 42 43
48 43 44
48 44 45
48 45 46
48 46 47
48 47 48
48 48 49
48 49 50
49 0 1
49 1 2
49 2 3
49 3 4
49 4 5
49 5 6
49 6 7
49 7 8
49 8 9
49 9 10
49 10 11
49 11 12
49 12 13
49 13 14
49 14 15
49 15 16
49 16 17
49 17 18
49 18 19
49 19 20
49 20 21
49 21 22
49 22 23
49 23 24
49 24 25
49 25 26
49 26 27
49 27 28
49 28 29
49 29 30
49 30 31
49 31 32
49 32 33
49 33 34
49 34 35
49 35 36
49 36 37
49 37 38
49 38 39
49 39 40
49 40 41
49 41 42
49 42 43
49 43 44
49 44 45
49 45 46
49 46 47
49 47 48
49 48 49
49 49 50