20
0 0 59
0 1 41
0 2 36
0 3 10
0 4 15
0 5 85
0 6 21
0 7 44
0 8 93
0 9 6
0 10 80
0 11 95
0 12 73
0 13 20
0 14 41
0 15 8
0 16 16
0 17 38
0 18 98
0 19 7
1 0 35
1 1 75
1 2 96
1 3 62
1 4 8
1 5 14
1 6 76
1 7 45
1 8 41
1 9 77
1 10 53
1 11 92
1 12 3
1 13 85
1 14 12
1 15 2
1 16 44
1 17 23
1 18 16
1 19 1
2 0 69
2 1 54
2 2 28
2 3 35
2 4 48
2 5 40
2 6 62
2 7 36
2 8 18
2 9 19
2 10 65
2 11 19
2 12 84
2 13 61
2 14 87
2 15 91
2 16 36
2 17 9
2 18 57
2 19 10
3 0 27
3 1 53
3 2 77
3 3 41
3 4 71
3 5 9
3 6 71
3 7 39
3 8 47
3 9 17
3 10 60
3 11 60
3 12 7
3 13 56
3 14 87
3 15 7
3 16 18
3 17 37
3 18 1
3 19 43
4 0 53
4 1 66
4 2 69
4 3 71
4 4 91
4 5 61
4 6 45
4 7 45
4 8 12
4 9 47
4 10 0
4 11 33
4 12 63
4 13 45
4 14 1
4 15 99
4 16 11
4 17 25
4 18 16
4 19 2
5 0 90
5 1 37
5 2 65
5 3 37
5 4 77
5 5 83
5 6 22
5 7 37
5 8 88
5 9 60
5 10 82
5 11 17
5 12 76
5 13 32
5 14 21
5 15 6
5 16 34
5 17 65
5 18 30
5 19 30
6 0 15
6 1 40
6 2 17
6 3 11
6 4 69
6 5 41
6 6 40
6 7 2
6 8 60
6 9 81
6 10 92
6 11 71
6 12 23
6 13 41
6 14 35
6 15 28
6 16 10
6 17 43
6 18 49
6 19 49
7 0 99
7 1 94
7 2 6
7 3 99
7 4 4
7 5 16
7 6 38
7 7 41
7 8 27
7 9 63
7 10 74
7 11 40
7 12 73
7 13 76
7 14 35
7 15 62
7 16 92
7 17 12
7 18 52
7 19 95
8 0 30
8 1 22
8 2 75
8 3 8
8 4 3
8 5 86
8 6 26
8 7 66
8 8 95
8 9 4
8 10 12
8 11 8
8 12 97
8 13 69
8 14 83
8 15 55
8 16 75
8 17 71
8 18 39
8 19 7
9 0 16
9 1 8
9 2 5
9 3 66
9 4 43
9 5 12
9 6 59
9 7 26
9 8 26
9 9 71
9 10 9
9 11 24
9 12 23
9 13 43
9 14 97
9 15 52
9 16 55
9 17 48
9 18 14
9 19 17
10 0 54
10 1 63
10 2 86
10 3 81
10 4 91
10 5 25
10 6 79
10 7 42
10 8 57
10 9 31
10 10 57
10 11 92
10 12 46
10 13 44
10 14 79
10 15 71
10 16 4
10 17 23
10 18 56
10 19 38
11 0 81
11 1 46
11 2 61
11 3 34
11 4 74
11 5 52
11 6 49
11 7 61
11 8 65
11 9 23
11 10 20
11 11 66
11 12 94
11 13 99
11 14 76
11 15 41
11 16 65
11 17 80
11 18 89
11 19 36
12 0 37
12 1 82
12 2 64
12 3 22
12 4 13
12 5 34
12 6 1
12 7 65
12 8 52
12 9 33
12 10 67
12 11 55
12 12 67
12 13 73
12 14 86
12 15 69
12 16 4
12 17 46
12 18 39
12 19 83
13 0 74
13 1 22
13 2 58
13 3 37
13 4 40
13 5 64
13 6 73
13 7 56
13 8 67
13 9 20
13 10 17
13 11 70
13 12 43
13 13 36
13 14 60
13 15 94
13 16 81
13 17 7
13 18 18
13 19 7
14 0 44
14 1 90
14 2 84
14 3 76
14 4 86
14 5 48
14 6 70
14 7 78
14 8 3
14 9 48
14 10 53
14 11 23
14 12 98
14 13 78
14 14 58
14 15 58
14 16 99
14 17 63
14 18 14
14 19 17
15 0 20
15 1 38
15 2 15
15 3 58
15 4 60
15 5 11
15 6 60
15 7 58
15 8 82
15 9 36
15 10 46
15 11 52
15 12 20
15 13 95
15 14 78
15 15 30
15 16 67
15 17 90
15 18 19
15 19 39
16 0 46
16 1 82
16 2 9
16 3 37
16 4 52
16 5 23
16 6 75
16 7 65
16 8 40
16 9 83
16 10 47
16 11 76
16 12 98
16 13 26
16 14 36
16 15 81
16 16 15
16 17 65
16 18 21
16 19 54
17 0 40
17 1 2
17 2 9
17 3 6
17 4 23
17 5 11
17 6 83
17 7 16
17 8 87
17 9 29
17 10 60
17 11 85
17 12 2
17 13 29
17 14 63
17 15 68
17 16 86
17 17 69
17 18 93
17 19 43
18 0 22
18 1 40
18 2 63
18 3 2
18 4 24
18 5 99
18 6 18
18 7 96
18 8 16
18 9 77
18 10 2
18 11 38
18 12 66
18 13 44
18 14 83
18 15 68
18 16 69
18 17 6
18 18 96
18 19 43
19 0 8
19 1 27
19 2 73
19 3 85
19 4 6
19 5 79
19 6 20
19 7 60
19 8 43
19 9 96
19 10 80
19 11 98
19 12 45
19 13 26
19 14 12
19 15 3
19 16 81
19 17 95
19 18 87
19 19 13
-10
-9
-8
-7
-6
-5
-4
-3
-2
-1
0
1
2
3
4
5
6
7
8
9