50 50
0 0 38
0 1 32
0 2 10
0 3 42
0 4 1
0 5 74
0 6 2
0 7 45
0 8 21
0 9 35
0 10 96
0 11 22
0 12 95
0 13 42
0 14 42
0 15 38
0 16 43
0 17 39
0 18 15
0 19 40
0 20 41
0 21 33
0 22 13
0 23 11
0 24 85
0 25 60
0 26 40
0 27 21
0 28 4
0 29 76
0 30 17
0 31 68
0 32 20
0 33 79
0 34 35
0 35 59
0 36 49
0 37 0
0 38 14
0 39 34
0 40 82
0 41 10
0 42 70
0 43 16
0 44 69
0 45 82
0 46 34
0 47 47
0 48 94
0 49 16
1 0 59
1 1 67
1 2 23
1 3 69
1 4 75
1 5 96
1 6 20
1 7 42
1 8 68
1 9 77
1 10 6
1 11 7
1 12 86
1 13 73
1 14 16
1 15 75
1 16 60
1 17 1
1 18 66
1 19 28
1 20 31
1 21 13
1 22 78
1 23 3
1 24 8
1 25 12
1 26 64
1 27 45
1 28 5
1 29 90
1 30 69
1 31 81
1 32 56
1 33 13
1 34 48
1 35 53
1 36 80
1 37 36
1 38 82
1 39 93
1 40 61
1 41 9
1 42 28
1 43 31
1 44 79
1 45 95
1 46 23
1 47 29
1 48 14
1 49 44
2 0 88
2 1 86
2 2 2
2 3 0
2 4 66
2 5 75
2 6 70
2 7 29
2 8 89
2 9 87
2 10 94
2 11 4
2 12 5
2 13 13
2 14 82
2 15 78
2 16 28
2 17 70
2 18 77
2 19 60
2 20 33
2 21 76
2 22 88
2 23 57
2 24 78
2 25 68
2 26 85
2 27 69
2 28 5
2 29 13
2 30 40
2 31 99
2 32 19
2 33 50
2 34 34
2 35 89
2 36 74
2 37 90
2 38 75
2 39 76
2 40 33
2 41 40
2 42 62
2 43 3
2 44 82
2 45 41
2 46 37
2 47 53
2 48 76
2 49 78
3 0 54
3 1 15
3 2 66
3 3 67
3 4 37
3 5 52
3 6 92
3 7 30
3 8 71
3 9 31
3 10 2
3 11 62
3 12 69
3 13 91
3 14 44
3 15 28
3 16 27
3 17 55
3 18 53
3 19 47
3 20 89
3 21 49
3 22 99
3 23 20
3 24 32
3 25 17
3 26 59
3 27 53
3 28 28
3 29 35
3 30 18
3 31 39
3 32 93
3 33 41
3 34 89
3 35 63
3 36 12
3 37 96
3 38 91
3 39 81
3 40 22
3 41 38
3 42 29
3 43 69
3 44 77
3 45 4
3 46 57
3 47 72
3 48 58
3 49 50
4 0 32
4 1 83
4 2 54
4 3 40
4 4 19
4 5 87
4 6 0
4 7 42
4 8 25
4 9 56
4 10 33
4 11 84
4 12 44
4 13 91
4 14 65
4 15 99
4 16 93
4 17 48
4 18 49
4 19 75
4 20 5
4 21 65
4 22 49
4 23 37
4 24 46
4 25 53
4 26 43
4 27 42
4 28 28
4 29 34
4 30 19
4 31 63
4 32 90
4 33 41
4 34 16
4 35 89
4 36 85
4 37 9
4 38 99
4 39 24
4 40 56
4 41 38
4 42 34
4 43 88
4 44 28
4 45 80
4 46 43
4 47 51
4 48 99
4 49 5
5 0 16
5 1 78
5 2 8
5 3 87
5 4 93
5 5 16
5 6 99
5 7 95
5 8 73
5 9 81
5 10 4
5 11 14
5 12 56
5 13 53
5 14 29
5 15 54
5 16 45
5 17 31
5 18 57
5 19 50
5 20 36
5 21 93
5 22 79
5 23 84
5 24 69
5 25 86
5 26 80
5 27 44
5 28 49
5 29 71
5 30 42
5 31 42
5 32 45
5 33 33
5 34 15
5 35 45
5 36 21
5 37 0
5 38 30
5 39 54
5 40 93
5 41 12
5 42 41
5 43 0
5 44 76
5 45 8
5 46 90
5 47 49
5 48 98
5 49 67
6 0 36
6 1 78
6 2 20
6 3 32
6 4 15
6 5 26
6 6 36
6 7 63
6 8 24
6 9 89
6 10 46
6 11 51
6 12 3
6 13 72
6 14 52
6 15 39
6 16 30
6 17 32
6 18 25
6 19 31
6 20 32
6 21 87
6 22 56
6 23 68
6 24 63
6 25 84
6 26 84
6 27 76
6 28 52
6 29 67
6 30 84
6 31 53
6 32 60
6 33 98
6 34 74
6 35 22
6 36 15
6 37 51
6 38 84
6 39 63
6 40 54
6 41 81
6 42 15
6 43 5
6 44 50
6 45 39
6 46 36
6 47 1
6 48 9
6 49 96
7 0 26
7 1 63
7 2 52
7 3 90
7 4 99
7 5 69
7 6 50
7 7 86
7 8 50
7 9 10
7 10 53
7 11 56
7 12 65
7 13 69
7 14 23
7 15 88
7 16 34
7 17 73
7 18 20
7 19 64
7 20 82
7 21 54
7 22 19
7 23 30
7 24 83
7 25 67
7 26 79
7 27 14
7 28 55
7 29 15
7 30 77
7 31 93
7 32 95
7 33 56
7 34 39
7 35 34
7 36 28
7 37 35
7 38 87
7 39 46
7 40 13
7 41 89
7 42 46
7 43 63
7 44 58
7 45 58
7 46 16
7 47 45
7 48 29
7 49 71
8 0 26
8 1 28
8 2 44
8 3 11
8 4 36
8 5 83
8 6 23
8 7 12
8 8 61
8 9 22
8 10 39
8 11 85
8 12 56
8 13 16
8 14 72
8 15 4
8 16 57
8 17 35
8 18 8
8 19 65
8 20 33
8 21 24
8 22 94
8 23 73
8 24 94
8 25 72
8 26 74
8 27 97
8 28 35
8 29 46
8 30 51
8 31 68
8 32 17
8 33 36
8 34 7
8 35 40
8 36 20
8 37 99
8 38 86
8 39 5
8 40 13
8 41 10
8 42 42
8 43 47
8 44 56
8 45 63
8 46 82
8 47 25
8 48 17
8 49 2
9 0 31
9 1 36
9 2 95
9 3 36
9 4 60
9 5 7
9 6 30
9 7 40
9 8 71
9 9 42
9 10 64
9 11 81
9 12 58
9 13 82
9 14 56
9 15 43
9 16 26
9 17 19
9 18 58
9 19 68
9 20 20
9 21 65
9 22 26
9 23 79
9 24 6
9 25 88
9 26 64
9 27 91
9 28 89
9 29 3
9 30 56
9 31 91
9 32 20
9 33 76
9 34 87
9 35 11
9 36 60
9 37 22
9 38 6
9 39 91
9 40 68
9 41 93
9 42 84
9 43 23
9 44 16
9 45 51
9 46 40
9 47 82
9 48 75
9 49 89
10 0 5
10 1 25
10 2 30
10 3 24
10 4 89
10 5 4
10 6 84
10 7 62
10 8 60
10 9 49
10 10 63
10 11 68
10 12 62
10 13 69
10 14 73
10 15 49
10 16 20
10 17 15
10 18 77
10 19 82
10 20 26
10 21 12
10 22 40
10 23 34
10 24 81
10 25 41
10 26 13
10 27 34
10 28 60
10 29 96
10 30 9
10 31 13
10 32 98
10 33 18
10 34 47
10 35 94
10 36 34
10 37 90
10 38 76
10 39 31
10 40 64
10 41 31
10 42 31
10 43 74
10 44 82
10 45 88
10 46 61
10 47 63
10 48 51
10 49 93
11 0 79
11 1 32
11 2 57
11 3 27
11 4 33
11 5 12
11 6 17
11 7 1
11 8 80
11 9 67
11 10 37
11 11 54
11 12 19
11 13 69
11 14 58
11 15 42
11 16 8
11 17 76
11 18 0
11 19 36
11 20 98
11 21 51
11 22 72
11 23 39
11 24 42
11 25 0
11 26 29
11 27 77
11 28 31
11 29 41
11 30 98
11 31 10
11 32 39
11 33 42
11 34 56
11 35 73
11 36 37
11 37 24
11 38 19
11 39 93
11 40 33
11 41 31
11 42 55
11 43 83
11 44 39
11 45 79
11 46 66
11 47 99
11 48 60
11 49 24
12 0 76
12 1 63
12 2 94
12 3 52
12 4 84
12 5 59
12 6 58
12 7 66
12 8 74
12 9 84
12 10 89
12 11 28
12 12 75
12 13 32
12 14 84
12 15 86
12 16 14
12 17 58
12 18 42
12 19 34
12 20 43
12 21 7
12 22 49
12 23 13
12 24 18
12 25 20
12 26 11
12 27 64
12 28 68
12 29 36
12 30 27
12 31 73
12 32 98
12 33 39
12 34 23
12 35 28
12 36 85
12 37 25
12 38 15
12 39 25
12 40 39
12 41 44
12 42 81
12 43 92
12 44 85
12 45 84
12 46 75
12 47 0
12 48 88
12 49 25
13 0 50
13 1 74
13 2 13
13 3 1
13 4 83
13 5 69
13 6 5
13 7 48
13 8 33
13 9 36
13 10 6
13 11 57
13 12 98
13 13 84
13 14 14
13 15 50
13 16 83
13 17 60
13 18 10
13 19 67
13 20 67
13 21 36
13 22 54
13 23 90
13 24 48
13 25 61
13 26 80
13 27 71
13 28 63
13 29 38
13 30 94
13 31 47
13 32 78
13 33 56
13 34 73
13 35 25
13 36 75
13 37 60
13 38 56
13 39 48
13 40 83
13 41 62
13 42 27
13 43 78
13 44 76
13 45 35
13 46 79
13 47 55
13 48 1
13 49 76
14 0 79
14 1 91
14 2 33
14 3 7
14 4 47
14 5 93
14 6 39
14 7 30
14 8 88
14 9 11
14 10 80
14 11 26
14 12 59
14 13 67
14 14 54
14 15 75
14 16 16
14 17 81
14 18 78
14 19 53
14 20 49
14 21 28
14 22 74
14 23 76
14 24 71
14 25 27
14 26 90
14 27 85
14 28 13
14 29 4
14 30 84
14 31 0
14 32 36
14 33 43
14 34 94
14 35 2
14 36 48
14 37 50
14 38 40
14 39 24
14 40 53
14 41 74
14 42 55
14 43 75
14 44 36
14 45 90
14 46 58
14 47 68
14 48 77
14 49 27
15 0 83
15 1 76
15 2 58
15 3 71
15 4 70
15 5 52
15 6 79
15 7 52
15 8 91
15 9 82
15 10 18
15 11 58
15 12 25
15 13 83
15 14 57
15 15 61
15 16 36
15 17 50
15 18 74
15 19 36
15 20 64
15 21 91
15 22 43
15 23 10
15 24 12
15 25 21
15 26 1
15 27 95
15 28 58
15 29 75
15 30 11
15 31 85
15 32 79
15 33 25
15 34 4
15 35 70
15 36 43
15 37 23
15 38 41
15 39 89
15 40 91
15 41 50
15 42 28
15 43 16
15 44 9
15 45 83
15 46 94
15 47 92
15 48 31
15 49 46
16 0 84
16 1 80
16 2 6
16 3 11
16 4 19
16 5 61
16 6 81
16 7 25
16 8 33
16 9 75
16 10 89
16 11 87
16 12 32
16 13 94
16 14 93
16 15 21
16 16 42
16 17 60
16 18 1
16 19 77
16 20 15
16 21 14
16 22 43
16 23 18
16 24 19
16 25 38
16 26 90
16 27 70
16 28 64
16 29 67
16 30 90
16 31 86
16 32 16
16 33 29
16 34 72
16 35 20
16 36 71
16 37 57
16 38 80
16 39 18
16 40 85
16 41 21
16 42 37
16 43 70
16 44 75
16 45 41
16 46 10
16 47 71
16 48 81
16 49 61
17 0 88
17 1 85
17 2 67
17 3 59
17 4 63
17 5 69
17 6 33
17 7 1
17 8 53
17 9 76
17 10 45
17 11 88
17 12 37
17 13 7
17 14 87
17 15 40
17 16 37
17 17 9
17 18 25
17 19 72
17 20 69
17 21 92
17 22 1
17 23 54
17 24 49
17 25 2
17 26 73
17 27 72
17 28 1
17 29 91
17 30 89
17 31 58
17 32 67
17 33 12
17 34 7
17 35 84
17 36 37
17 37 92
17 38 84
17 39 9
17 40 70
17 41 91
17 42 43
17 43 66
17 44 48
17 45 91
17 46 81
17 47 81
17 48 69
17 49 43
18 0 96
18 1 41
18 2 27
18 3 88
18 4 20
18 5 98
18 6 56
18 7 0
18 8 76
18 9 54
18 10 62
18 11 69
18 12 49
18 13 79
18 14 76
18 15 50
18 16 30
18 17 29
18 18 39
18 19 49
18 20 12
18 21 17
18 22 69
18 23 65
18 24 13
18 25 69
18 26 84
18 27 93
18 28 45
18 29 87
18 30 63
18 31 38
18 32 32
18 33 39
18 34 94
18 35 29
18 36 51
18 37 80
18 38 27
18 39 24
18 40 10
18 41 31
18 42 98
18 43 38
18 44 86
18 45 31
18 46 49
18 47 47
18 48 97
18 49 47
19 0 17
19 1 98
19 2 79
19 3 10
19 4 98
19 5 96
19 6 23
19 7 33
19 8 17
19 9 34
19 10 84
19 11 34
19 12 36
19 13 70
19 14 54
19 15 92
19 16 87
19 17 55
19 18 78
19 19 8
19 20 35
19 21 73
19 22 93
19 23 23
19 24 44
19 25 13
19 26 88
19 27 79
19 28 44
19 29 59
19 30 98
19 31 16
19 32 86
19 33 39
19 34 67
19 35 71
19 36 12
19 37 5
19 38 58
19 39 73
19 40 58
19 41 4
19 42 93
19 43 67
19 44 41
19 45 90
19 46 20
19 47 67
19 48 49
19 49 2
20 0 4
20 1 95
20 2 38
20 3 17
20 4 91
20 5 81
20 6 21
20 7 50
20 8 6
20 9 22
20 10 99
20 11 33
20 12 79
20 13 61
20 14 98
20 15 78
20 16 88
20 17 33
20 18 61
20 19 51
20 20 52
20 21 11
20 22 35
20 23 78
20 24 9
20 25 98
20 26 84
20 27 28
20 28 48
20 29 72
20 30 32
20 31 31
20 32 66
20 33 21
20 34 41
20 35 30
20 36 11
20 37 19
20 38 20
20 39 50
20 40 17
20 41 73
20 42 67
20 43 22
20 44 10
20 45 82
20 46 82
20 47 17
20 48 87
20 49 51
21 0 84
21 1 69
21 2 99
21 3 2
21 4 61
21 5 16
21 6 44
21 7 6
21 8 78
21 9 38
21 10 61
21 11 74
21 12 1
21 13 93
21 14 39
21 15 45
21 16 24
21 17 21
21 18 65
21 19 64
21 20 85
21 21 80
21 22 81
21 23 32
21 24 88
21 25 86
21 26 21
21 27 28
21 28 37
21 29 87
21 30 44
21 31 14
21 32 56
21 33 22
21 34 10
21 35 26
21 36 15
21 37 58
21 38 29
21 39 55
21 40 71
21 41 85
21 42 39
21 43 27
21 44 23
21 45 60
21 46 69
21 47 52
21 48 83
21 49 33
22 0 54
22 1 76
22 2 17
22 3 72
22 4 29
22 5 5
22 6 50
22 7 73
22 8 67
22 9 69
22 10 3
22 11 92
22 12 91
22 13 26
22 14 54
22 15 71
22 16 45
22 17 83
22 18 45
22 19 89
22 20 50
22 21 70
22 22 35
22 23 96
22 24 46
22 25 10
22 26 31
22 27 37
22 28 78
22 29 49
22 30 98
22 31 56
22 32 60
22 33 43
22 34 23
22 35 58
22 36 50
22 37 91
22 38 29
22 39 71
22 40 80
22 41 34
22 42 45
22 43 69
22 44 63
22 45 25
22 46 71
22 47 84
22 48 24
22 49 49
23 0 4
23 1 40
23 2 88
23 3 71
23 4 26
23 5 69
23 6 62
23 7 47
23 8 20
23 9 22
23 10 58
23 11 44
23 12 20
23 13 32
23 14 45
23 15 45
23 16 99
23 17 23
23 18 47
23 19 40
23 20 5
23 21 7
23 22 33
23 23 36
23 24 98
23 25 53
23 26 5
23 27 90
23 28 33
23 29 88
23 30 43
23 31 48
23 32 43
23 33 68
23 34 10
23 35 29
23 36 36
23 37 10
23 38 31
23 39 18
23 40 23
23 41 37
23 42 54
23 43 83
23 44 27
23 45 70
23 46 68
23 47 22
23 48 42
23 49 50
24 0 58
24 1 28
24 2 93
24 3 18
24 4 92
24 5 49
24 6 87
24 7 8
24 8 53
24 9 95
24 10 41
24 11 13
24 12 98
24 13 4
24 14 95
24 15 43
24 16 50
24 17 69
24 18 40
24 19 0
24 20 94
24 21 99
24 22 11
24 23 62
24 24 54
24 25 7
24 26 93
24 27 58
24 28 33
24 29 54
24 30 4
24 31 75
24 32 25
24 33 24
24 34 19
24 35 60
24 36 99
24 37 11
24 38 67
24 39 51
24 40 82
24 41 40
24 42 55
24 43 13
24 44 54
24 45 89
24 46 19
24 47 63
24 48 1
24 49 46
25 0 32
25 1 99
25 2 98
25 3 66
25 4 72
25 5 3
25 6 82
25 7 75
25 8 40
25 9 67
25 10 0
25 11 58
25 12 80
25 13 39
25 14 36
25 15 12
25 16 98
25 17 36
25 18 65
25 19 32
25 20 11
25 21 60
25 22 65
25 23 22
25 24 83
25 25 77
25 26 54
25 27 48
25 28 64
25 29 63
25 30 2
25 31 73
25 32 30
25 33 6
25 34 59
25 35 7
25 36 91
25 37 2
25 38 5
25 39 64
25 40 50
25 41 67
25 42 21
25 43 48
25 44 78
25 45 5
25 46 32
25 47 95
25 48 17
25 49 24
26 0 18
26 1 14
26 2 82
26 3 73
26 4 65
26 5 9
26 6 92
26 7 41
26 8 1
26 9 55
26 10 77
26 11 80
26 12 70
26 13 65
26 14 48
26 15 54
26 16 13
26 17 54
26 18 59
26 19 22
26 20 44
26 21 69
26 22 96
26 23 36
26 24 49
26 25 93
26 26 35
26 27 9
26 28 17
26 29 77
26 30 9
26 31 14
26 32 42
26 33 59
26 34 24
26 35 2
26 36 83
26 37 24
26 38 12
26 39 12
26 40 86
26 41 99
26 42 6
26 43 73
26 44 37
26 45 51
26 46 84
26 47 63
26 48 56
26 49 67
27 0 76
27 1 56
27 2 30
27 3 80
27 4 2
27 5 67
27 6 62
27 7 13
27 8 46
27 9 43
27 10 83
27 11 12
27 12 95
27 13 51
27 14 89
27 15 37
27 16 94
27 17 5
27 18 27
27 19 44
27 20 58
27 21 12
27 22 30
27 23 20
27 24 44
27 25 78
27 26 86
27 27 75
27 28 15
27 29 17
27 30 68
27 31 58
27 32 75
27 33 67
27 34 80
27 35 85
27 36 61
27 37 91
27 38 18
27 39 68
27 40 59
27 41 4
27 42 93
27 43 21
27 44 5
27 45 39
27 46 71
27 47 7
27 48 51
27 49 24
28 0 1
28 1 76
28 2 97
28 3 23
28 4 82
28 5 2
28 6 94
28 7 15
28 8 26
28 9 88
28 10 9
28 11 96
28 12 90
28 13 47
28 14 12
28 15 27
28 16 74
28 17 73
28 18 30
28 19 74
28 20 68
28 21 99
28 22 75
28 23 35
28 24 44
28 25 50
28 26 68
28 27 89
28 28 17
28 29 80
28 30 64
28 31 26
28 32 60
28 33 25
28 34 39
28 35 57
28 36 91
28 37 22
28 38 96
28 39 21
28 40 45
28 41 22
28 42 94
28 43 3
28 44 72
28 45 10
28 46 69
28 47 60
28 48 24
28 49 15
29 0 0
29 1 38
29 2 56
29 3 64
29 4 57
29 5 84
29 6 11
29 7 35
29 8 44
29 9 87
29 10 38
29 11 2
29 12 88
29 13 4
29 14 85
29 15 30
29 16 14
29 17 88
29 18 55
29 19 18
29 20 95
29 21 87
29 22 22
29 23 54
29 24 6
29 25 36
29 26 36
29 27 24
29 28 93
29 29 75
29 30 73
29 31 64
29 32 14
29 33 72
29 34 30
29 35 68
29 36 62
29 37 56
29 38 36
29 39 3
29 40 65
29 41 15
29 42 74
29 43 64
29 44 3
29 45 41
29 46 79
29 47 80
29 48 79
29 49 79
30 0 64
30 1 99
30 2 15
30 3 13
30 4 18
30 5 48
30 6 85
30 7 97
30 8 53
30 9 27
30 10 57
30 11 46
30 12 34
30 13 12
30 14 36
30 15 92
30 16 19
30 17 84
30 18 57
30 19 14
30 20 96
30 21 79
30 22 10
30 23 18
30 24 17
30 25 85
30 26 74
30 27 29
30 28 71
30 29 30
30 30 62
30 31 97
30 32 25
30 33 30
30 34 59
30 35 51
30 36 9
30 37 95
30 38 87
30 39 94
30 40 83
30 41 12
30 42 7
30 43 0
30 44 34
30 45 78
30 46 9
30 47 50
30 48 1
30 49 82
31 0 26
31 1 50
31 2 70
31 3 94
31 4 57
31 5 43
31 6 75
31 7 87
31 8 76
31 9 56
31 10 53
31 11 13
31 12 35
31 13 67
31 14 66
31 15 1
31 16 43
31 17 22
31 18 70
31 19 31
31 20 19
31 21 9
31 22 35
31 23 55
31 24 35
31 25 82
31 26 22
31 27 51
31 28 11
31 29 53
31 30 22
31 31 84
31 32 22
31 33 40
31 34 80
31 35 93
31 36 61
31 37 80
31 38 32
31 39 29
31 40 30
31 41 95
31 42 64
31 43 12
31 44 62
31 45 69
31 46 83
31 47 46
31 48 91
31 49 45
32 0 90
32 1 37
32 2 27
32 3 16
32 4 31
32 5 81
32 6 83
32 7 90
32 8 78
32 9 58
32 10 52
32 11 22
32 12 93
32 13 40
32 14 24
32 15 69
32 16 71
32 17 20
32 18 41
32 19 43
32 20 25
32 21 19
32 22 71
32 23 40
32 24 73
32 25 96
32 26 43
32 27 50
32 28 53
32 29 7
32 30 12
32 31 88
32 32 25
32 33 93
32 34 1
32 35 48
32 36 9
32 37 80
32 38 70
32 39 87
32 40 69
32 41 95
32 42 69
32 43 57
32 44 22
32 45 20
32 46 13
32 47 48
32 48 94
32 49 90
33 0 83
33 1 37
33 2 21
33 3 77
33 4 55
33 5 98
33 6 96
33 7 44
33 8 82
33 9 11
33 10 6
33 11 30
33 12 86
33 13 28
33 14 54
33 15 42
33 16 51
33 17 53
33 18 55
33 19 50
33 20 57
33 21 73
33 22 36
33 23 88
33 24 67
33 25 98
33 26 85
33 27 82
33 28 60
33 29 89
33 30 94
33 31 23
33 32 69
33 33 6
33 34 23
33 35 31
33 36 23
33 37 22
33 38 8
33 39 33
33 40 35
33 41 93
33 42 8
33 43 49
33 44 83
33 45 80
33 46 78
33 47 21
33 48 75
33 49 43
34 0 91
34 1 45
34 2 34
34 3 1
34 4 7
34 5 90
34 6 96
34 7 88
34 8 58
34 9 60
34 10 70
34 11 33
34 12 27
34 13 0
34 14 76
34 15 1
34 16 25
34 17 93
34 18 34
34 19 18
34 20 11
34 21 87
34 22 53
34 23 29
34 24 42
34 25 90
34 26 14
34 27 96
34 28 32
34 29 41
34 30 70
34 31 49
34 32 32
34 33 34
34 34 45
34 35 37
34 36 81
34 37 91
34 38 93
34 39 37
34 40 38
34 41 8
34 42 30
34 43 74
34 44 16
34 45 57
34 46 16
34 47 48
34 48 71
34 49 55
35 0 13
35 1 65
35 2 62
35 3 17
35 4 38
35 5 18
35 6 60
35 7 71
35 8 84
35 9 72
35 10 74
35 11 47
35 12 84
35 13 45
35 14 63
35 15 38
35 16 73
35 17 72
35 18 71
35 19 51
35 20 82
35 21 87
35 22 3
35 23 0
35 24 84
35 25 10
35 26 42
35 27 81
35 28 85
35 29 25
35 30 43
35 31 69
35 32 15
35 33 79
35 34 96
35 35 75
35 36 48
35 37 47
35 38 90
35 39 26
35 40 31
35 41 21
35 42 54
35 43 70
35 44 89
35 45 97
35 46 22
35 47 67
35 48 82
35 49 67
36 0 93
36 1 30
36 2 15
36 3 70
36 4 87
36 5 50
36 6 9
36 7 13
36 8 81
36 9 52
36 10 51
36 11 1
36 12 54
36 13 51
36 14 8
36 15 56
36 16 35
36 17 14
36 18 20
36 19 35
36 20 49
36 21 22
36 22 35
36 23 78
36 24 44
36 25 47
36 26 69
36 27 26
36 28 54
36 29 83
36 30 12
36 31 76
36 32 62
36 33 22
36 34 71
36 35 88
36 36 25
36 37 56
36 38 84
36 39 29
36 40 61
36 41 43
36 42 54
36 43 67
36 44 77
36 45 53
36 46 33
36 47 53
36 48 87
36 49 98
37 0 46
37 1 39
37 2 15
37 3 42
37 4 99
37 5 87
37 6 65
37 7 17
37 8 68
37 9 43
37 10 28
37 11 13
37 12 25
37 13 78
37 14 7
37 15 14
37 16 20
37 17 51
37 18 29
37 19 17
37 20 13
37 21 16
37 22 69
37 23 46
37 24 54
37 25 89
37 26 39
37 27 35
37 28 97
37 29 49
37 30 10
37 31 62
37 32 6
37 33 27
37 34 18
37 35 80
37 36 59
37 37 49
37 38 13
37 39 93
37 40 54
37 41 53
37 42 67
37 43 96
37 44 2
37 45 37
37 46 16
37 47 52
37 48 12
37 49 69
38 0 68
38 1 9
38 2 61
38 3 50
38 4 97
38 5 80
38 6 82
38 7 9
38 8 64
38 9 81
38 10 25
38 11 5
38 12 82
38 13 51
38 14 48
38 15 90
38 16 17
38 17 75
38 18 51
38 19 43
38 20 72
38 21 91
38 22 98
38 23 21
38 24 99
38 25 26
38 26 9
38 27 33
38 28 16
38 29 84
38 30 97
38 31 96
38 32 36
38 33 47
38 34 28
38 35 17
38 36 11
38 37 14
38 38 28
38 39 0
38 40 68
38 41 75
38 42 48
38 43 79
38 44 3
38 45 72
38 46 52
38 47 62
38 48 64
38 49 83
39 0 28
39 1 93
39 2 57
39 3 74
39 4 62
39 5 69
39 6 20
39 7 66
39 8 1
39 9 23
39 10 36
39 11 71
39 12 37
39 13 56
39 14 87
39 15 5
39 16 28
39 17 75
39 18 73
39 19 19
39 20 2
39 21 42
39 22 7
39 23 77
39 24 27
39 25 65
39 26 10
39 27 98
39 28 18
39 29 93
39 30 3
39 31 76
39 32 14
39 33 27
39 34 21
39 35 46
39 36 0
39 37 29
39 38 66
39 39 27
39 40 83
39 41 10
39 42 88
39 43 5
39 44 18
39 45 51
39 46 75
39 47 70
39 48 28
39 49 3
40 0 83
40 1 40
40 2 86
40 3 27
40 4 77
40 5 96
40 6 68
40 7 79
40 8 59
40 9 40
40 10 38
40 11 4
40 12 42
40 13 73
40 14 64
40 15 86
40 16 91
40 17 28
40 18 81
40 19 27
40 20 10
40 21 19
40 22 90
40 23 87
40 24 47
40 25 49
40 26 66
40 27 87
40 28 50
40 29 94
40 30 37
40 31 69
40 32 31
40 33 88
40 34 74
40 35 58
40 36 23
40 37 66
40 38 46
40 39 55
40 40 30
40 41 95
40 42 8
40 43 30
40 44 30
40 45 16
40 46 26
40 47 97
40 48 76
40 49 68
41 0 18
41 1 33
41 2 19
41 3 45
41 4 90
41 5 72
41 6 94
41 7 7
41 8 26
41 9 73
41 10 87
41 11 45
41 12 81
41 13 42
41 14 7
41 15 68
41 16 87
41 17 68
41 18 84
41 19 88
41 20 94
41 21 19
41 22 38
41 23 38
41 24 63
41 25 97
41 26 93
41 27 4
41 28 89
41 29 68
41 30 52
41 31 89
41 32 57
41 33 12
41 34 72
41 35 33
41 36 36
41 37 39
41 38 5
41 39 88
41 40 30
41 41 5
41 42 10
41 43 51
41 44 51
41 45 53
41 46 19
41 47 71
41 48 21
41 49 69
42 0 55
42 1 94
42 2 7
42 3 82
42 4 28
42 5 78
42 6 96
42 7 3
42 8 21
42 9 45
42 10 40
42 11 60
42 12 75
42 13 23
42 14 91
42 15 32
42 16 11
42 17 66
42 18 72
42 19 32
42 20 55
42 21 12
42 22 70
42 23 63
42 24 84
42 25 88
42 26 56
42 27 26
42 28 1
42 29 90
42 30 4
42 31 49
42 32 58
42 33 97
42 34 66
42 35 48
42 36 28
42 37 54
42 38 68
42 39 57
42 40 81
42 41 55
42 42 59
42 43 91
42 44 4
42 45 40
42 46 28
42 47 97
42 48 23
42 49 38
43 0 32
43 1 57
43 2 17
43 3 58
43 4 97
43 5 94
43 6 71
43 7 24
43 8 87
43 9 97
43 10 78
43 11 60
43 12 52
43 13 19
43 14 41
43 15 63
43 16 33
43 17 30
43 18 25
43 19 59
43 20 29
43 21 87
43 22 69
43 23 18
43 24 23
43 25 96
43 26 71
43 27 33
43 28 28
43 29 82
43 30 77
43 31 4
43 32 26
43 33 40
43 34 34
43 35 55
43 36 33
43 37 68
43 38 13
43 39 35
43 40 93
43 41 39
43 42 17
43 43 82
43 44 25
43 45 41
43 46 98
43 47 62
43 48 55
43 49 15
44 0 4
44 1 93
44 2 52
44 3 17
44 4 37
44 5 66
44 6 95
44 7 24
44 8 2
44 9 36
44 10 46
44 11 72
44 12 43
44 13 80
44 14 82
44 15 0
44 16 76
44 17 70
44 18 65
44 19 95
44 20 85
44 21 49
44 22 17
44 23 47
44 24 56
44 25 48
44 26 87
44 27 25
44 28 46
44 29 88
44 30 25
44 31 47
44 32 60
44 33 43
44 34 73
44 35 38
44 36 74
44 37 87
44 38 76
44 39 65
44 40 31
44 41 85
44 42 52
44 43 75
44 44 51
44 45 66
44 46 43
44 47 61
44 48 17
44 49 24
45 0 44
45 1 43
45 2 19
45 3 54
45 4 35
45 5 69
45 6 76
45 7 65
45 8 9
45 9 64
45 10 30
45 11 71
45 12 98
45 13 75
45 14 31
45 15 97
45 16 72
45 17 59
45 18 30
45 19 81
45 20 37
45 21 33
45 22 71
45 23 87
45 24 45
45 25 51
45 26 39
45 27 66
45 28 65
45 29 76
45 30 61
45 31 76
45 32 16
45 33 62
45 34 51
45 35 22
45 36 28
45 37 94
45 38 17
45 39 33
45 40 37
45 41 13
45 42 65
45 43 49
45 44 67
45 45 53
45 46 30
45 47 92
45 48 93
45 49 12
46 0 83
46 1 40
46 2 19
46 3 83
46 4 85
46 5 27
46 6 48
46 7 3
46 8 53
46 9 48
46 10 81
46 11 64
46 12 81
46 13 67
46 14 67
46 15 86
46 16 81
46 17 73
46 18 27
46 19 41
46 20 10
46 21 61
46 22 97
46 23 74
46 24 95
46 25 76
46 26 63
46 27 91
46 28 80
46 29 32
46 30 36
46 31 29
46 32 80
46 33 57
46 34 5
46 35 16
46 36 94
46 37 97
46 38 14
46 39 13
46 40 64
46 41 96
46 42 2
46 43 89
46 44 49
46 45 32
46 46 34
46 47 64
46 48 26
46 49 27
47 0 13
47 1 62
47 2 76
47 3 49
47 4 63
47 5 89
47 6 32
47 7 62
47 8 18
47 9 93
47 10 31
47 11 32
47 12 33
47 13 61
47 14 1
47 15 78
47 16 75
47 17 78
47 18 6
47 19 23
47 20 84
47 21 59
47 22 1
47 23 90
47 24 81
47 25 47
47 26 93
47 27 48
47 28 97
47 29 16
47 30 60
47 31 21
47 32 77
47 33 21
47 34 78
47 35 36
47 36 5
47 37 43
47 38 84
47 39 25
47 40 53
47 41 69
47 42 20
47 43 69
47 44 15
47 45 38
47 46 94
47 47 76
47 48 66
47 49 0
48 0 68
48 1 76
48 2 64
48 3 34
48 4 98
48 5 86
48 6 85
48 7 31
48 8 36
48 9 62
48 10 32
48 11 62
48 12 61
48 13 89
48 14 96
48 15 67
48 16 94
48 17 95
48 18 76
48 19 60
48 20 40
48 21 31
48 22 15
48 23 89
48 24 30
48 25 26
48 26 4
48 27 18
48 28 96
48 29 75
48 30 29
48 31 82
48 32 41
48 33 62
48 34 31
48 35 13
48 36 8
48 37 32
48 38 62
48 39 64
48 40 11
48 41 83
48 42 79
48 43 29
48 44 0
48 45 80
48 46 64
48 47 67
48 48 41
48 49 25
49 0 56
49 1 75
49 2 98
49 3 6
49 4 96
49 5 20
49 6 99
49 7 47
49 8 82
49 9 62
49 10 77
49 11 32
49 12 28
49 13 9
49 14 13
49 15 57
49 16 21
49 17 54
49 18 36
49 19 73
49 20 25
49 21 55
49 22 69
49 23 47
49 24 98
49 25 79
49 26 29
49 27 78
49 28 88
49 29 77
49 30 30
49 31 87
49 32 29
49 33 54
49 34 68
49 35 29
49 36 21
49 37 51
49 38 92
49 39 6
49 40 54
49 41 69
49 42 39
49 43 29
49 44 48
49 45 60
49 46 59
49 47 78
49 48 14
49 49 55