10 10
0 0 53
0 1 87
0 2 99
0 3 6
0 4 2
0 5 89
0 6 90
0 7 83
0 8 38
0 9 89
1 0 64
1 1 77
1 2 72
1 3 52
1 4 64
1 5 14
1 6 61
1 7 64
1 8 51
1 9 73
2 0 37
2 1 1
2 2 75
2 3 72
2 4 50
2 5 68
2 6 28
2 7 41
2 8 41
2 9 53
3 0 56
3 1 29
3 2 21
3 3 38
3 4 57
3 5 3
3 6 34
3 7 8
3 8 92
3 9 44
4 0 7
4 1 26
4 2 13
4 3 83
4 4 73
4 5 8
4 6 18
4 7 88
4 8 20
4 9 39
5 0 35
5 1 34
5 2 27
5 3 70
5 4 44
5 5 17
5 6 95
5 7 70
5 8 25
5 9 68
6 0 18
6 1 63
6 2 19
6 3 48
6 4 59
6 5 38
6 6 43
6 7 50
6 8 62
6 9 67
7 0 41
7 1 26
7 2 82
7 3 36
7 4 71
7 5 63
7 6 10
7 7 5
7 8 80
7 9 65
8 0 18
8 1 28
8 2 8
8 3 31
8 4 59
8 5 24
8 6 30
8 7 26
8 8 22
8 9 13
9 0 45
9 1 55
9 2 37
9 3 16
9 4 72
9 5 79
9 6 99
9 7 53
9 8 49
9 9 69