100
0 0 97
0 1 28
0 2 49
0 3 90
0 4 10
0 5 8
0 6 71
0 7 73
0 8 65
0 9 92
0 10 61
0 11 61
0 12 12
0 13 52
0 14 2
0 15 29
0 16 83
0 17 66
0 18 62
0 19 77
0 20 27
0 21 63
0 22 5
0 23 30
0 24 69
0 25 29
0 26 60
0 27 45
0 28 59
0 29 8
0 30 31
0 31 24
0 32 30
0 33 12
0 34 90
0 35 24
0 36 86
0 37 71
0 38 82
0 39 63
0 40 65
0 41 37
0 42 86
0 43 69
0 44 92
0 45 43
0 46 16
0 47 47
0 48 40
0 49 6
0 50 78
0 51 52
0 52 39
0 53 94
0 54 86
0 55 35
0 56 66
0 57 47
0 58 55
0 59 99
0 60 69
0 61 96
0 62 57
0 63 22
0 64 51
0 65 89
0 66 33
0 67 85
0 68 40
0 69 55
0 70 14
0 71 41
0 72 12
0 73 79
0 74 4
0 75 18
0 76 73
0 77 81
0 78 64
0 79 61
0 80 22
0 81 65
0 82 18
0 83 16
0 84 24
0 85 79
0 86 39
0 87 51
0 88 69
0 89 67
0 90 20
0 91 27
0 92 27
0 93 19
0 94 80
0 95 62
0 96 31
0 97 90
0 98 44
0 99 74
1 0 40
1 1 67
1 2 4
1 3 34
1 4 52
1 5 14
1 6 78
1 7 35
1 8 46
1 9 56
1 10 10
1 11 16
1 12 40
1 13 13
1 14 61
1 15 66
1 16 56
1 17 87
1 18 48
1 19 8
1 20 58
1 21 6
1 22 76
1 23 34
1 24 62
1 25 59
1 26 4
1 27 85
1 28 70
1 29 86
1 30 23
1 31 41
1 32 70
1 33 60
1 34 85
1 35 64
1 36 84
1 37 39
1 38 12
1 39 92
1 40 5
1 41 72
1 42 60
1 43 76
1 44 80
1 45 31
1 46 8
1 47 81
1 48 80
1 49 66
1 50 21
1 51 26
1 52 30
1 53 81
1 54 6
1 55 31
1 56 38
1 57 50
1 58 17
1 59 75
1 60 64
1 61 55
1 62 48
1 63 76
1 64 17
1 65 73
1 66 55
1 67 29
1 68 76
1 69 24
1 70 35
1 71 18
1 72 22
1 73 90
1 74 65
1 75 37
1 76 78
1 77 91
1 78 37
1 79 69
1 80 15
1 81 95
1 82 57
1 83 47
1 84 51
1 85 94
1 86 6
1 87 74
1 88 99
1 89 4
1 90 75
1 91 0
1 92 5
1 93 0
1 94 62
1 95 3
1 96 50
1 97 67
1 98 7
1 99 34
2 0 12
2 1 47
2 2 82
2 3 39
2 4 26
2 5 30
2 6 97
2 7 63
2 8 28
2 9 82
2 10 56
2 11 78
2 12 42
2 13 94
2 14 74
2 15 21
2 16 31
2 17 19
2 18 25
2 19 87
2 20 20
2 21 34
2 22 81
2 23 23
2 24 97
2 25 77
2 26 78
2 27 44
2 28 56
2 29 57
2 30 77
2 31 35
2 32 84
2 33 66
2 34 30
2 35 21
2 36 65
2 37 75
2 38 35
2 39 81
2 40 39
2 41 22
2 42 55
2 43 21
2 44 61
2 45 16
2 46 22
2 47 26
2 48 49
2 49 34
2 50 22
2 51 11
2 52 74
2 53 71
2 54 21
2 55 65
2 56 21
2 57 62
2 58 10
2 59 93
2 60 12
2 61 72
2 62 64
2 63 3
2 64 52
2 65 79
2 66 18
2 67 0
2 68 95
2 69 6
2 70 13
2 71 52
2 72 32
2 73 64
2 74 37
2 75 73
2 76 43
2 77 49
2 78 54
2 79 60
2 80 89
2 81 44
2 82 38
2 83 29
2 84 0
2 85 84
2 86 97
2 87 74
2 88 95
2 89 35
2 90 74
2 91 37
2 92 94
2 93 95
2 94 6
2 95 43
2 96 57
2 97 8
2 98 30
2 99 34
3 0 43
3 1 78
3 2 33
3 3 68
3 4 62
3 5 33
3 6 63
3 7 58
3 8 9
3 9 76
3 10 23
3 11 19
3 12 59
3 13 6
3 14 72
3 15 69
3 16 99
3 17 4
3 18 14
3 19 2
3 20 49
3 21 51
3 22 24
3 23 45
3 24 33
3 25 75
3 26 18
3 27 32
3 28 94
3 29 79
3 30 15
3 31 45
3 32 82
3 33 68
3 34 36
3 35 45
3 36 53
3 37 67
3 38 39
3 39 81
3 40 31
3 41 74
3 42 91
3 43 29
3 44 7
3 45 91
3 46 65
3 47 47
3 48 39
3 49 32
3 50 61
3 51 89
3 52 46
3 53 20
3 54 59
3 55 67
3 56 78
3 57 36
3 58 71
3 59 11
3 60 95
3 61 74
3 62 60
3 63 40
3 64 4
3 65 87
3 66 54
3 67 14
3 68 53
3 69 28
3 70 81
3 71 61
3 72 73
3 73 6
3 74 75
3 75 76
3 76 86
3 77 58
3 78 55
3 79 68
3 80 99
3 81 60
3 82 4
3 83 98
3 84 50
3 85 45
3 86 88
3 87 49
3 88 29
3 89 45
3 90 3
3 91 7
3 92 20
3 93 15
3 94 62
3 95 20
3 96 88
3 97 36
3 98 3
3 99 8
4 0 94
4 1 66
4 2 52
4 3 54
4 4 14
4 5 57
4 6 91
4 7 45
4 8 15
4 9 97
4 10 89
4 11 27
4 12 64
4 13 35
4 14 68
4 15 70
4 16 66
4 17 94
4 18 61
4 19 87
4 20 73
4 21 78
4 22 60
4 23 91
4 24 53
4 25 44
4 26 88
4 27 51
4 28 79
4 29 46
4 30 51
4 31 80
4 32 32
4 33 23
4 34 40
4 35 84
4 36 90
4 37 58
4 38 30
4 39 44
4 40 41
4 41 42
4 42 80
4 43 65
4 44 46
4 45 21
4 46 81
4 47 61
4 48 96
4 49 43
4 50 78
4 51 59
4 52 27
4 53 53
4 54 24
4 55 26
4 56 22
4 57 75
4 58 50
4 59 55
4 60 44
4 61 14
4 62 2
4 63 79
4 64 80
4 65 13
4 66 1
4 67 16
4 68 31
4 69 2
4 70 58
4 71 45
4 72 90
4 73 23
4 74 47
4 75 80
4 76 93
4 77 12
4 78 63
4 79 67
4 80 2
4 81 8
4 82 94
4 83 19
4 84 47
4 85 3
4 86 65
4 87 57
4 88 0
4 89 75
4 90 61
4 91 56
4 92 5
4 93 7
4 94 32
4 95 68
4 96 32
4 97 6
4 98 41
4 99 9
5 0 63
5 1 60
5 2 18
5 3 59
5 4 13
5 5 51
5 6 55
5 7 38
5 8 88
5 9 33
5 10 13
5 11 27
5 12 58
5 13 38
5 14 69
5 15 78
5 16 52
5 17 66
5 18 28
5 19 28
5 20 98
5 21 44
5 22 48
5 23 92
5 24 4
5 25 18
5 26 9
5 27 33
5 28 82
5 29 44
5 30 21
5 31 59
5 32 62
5 33 33
5 34 21
5 35 75
5 36 35
5 37 66
5 38 10
5 39 46
5 40 79
5 41 62
5 42 9
5 43 3
5 44 62
5 45 47
5 46 55
5 47 72
5 48 39
5 49 74
5 50 13
5 51 6
5 52 35
5 53 13
5 54 16
5 55 65
5 56 13
5 57 95
5 58 96
5 59 71
5 60 65
5 61 45
5 62 51
5 63 39
5 64 66
5 65 49
5 66 49
5 67 41
5 68 2
5 69 67
5 70 75
5 71 61
5 72 60
5 73 79
5 74 89
5 75 97
5 76 9
5 77 64
5 78 26
5 79 22
5 80 72
5 81 50
5 82 20
5 83 13
5 84 93
5 85 80
5 86 92
5 87 74
5 88 17
5 89 24
5 90 3
5 91 14
5 92 13
5 93 52
5 94 50
5 95 19
5 96 77
5 97 43
5 98 72
5 99 49
6 0 12
6 1 4
6 2 87
6 3 18
6 4 17
6 5 75
6 6 7
6 7 49
6 8 92
6 9 21
6 10 43
6 11 3
6 12 90
6 13 3
6 14 37
6 15 27
6 16 16
6 17 36
6 18 44
6 19 40
6 20 16
6 21 28
6 22 72
6 23 90
6 24 35
6 25 12
6 26 95
6 27 21
6 28 55
6 29 7
6 30 99
6 31 66
6 32 7
6 33 88
6 34 97
6 35 57
6 36 30
6 37 55
6 38 17
6 39 21
6 40 93
6 41 50
6 42 32
6 43 87
6 44 94
6 45 40
6 46 59
6 47 45
6 48 66
6 49 9
6 50 25
6 51 77
6 52 54
6 53 17
6 54 41
6 55 83
6 56 37
6 57 63
6 58 93
6 59 33
6 60 21
6 61 34
6 62 83
6 63 70
6 64 49
6 65 79
6 66 98
6 67 54
6 68 57
6 69 38
6 70 81
6 71 87
6 72 78
6 73 80
6 74 20
6 75 87
6 76 28
6 77 18
6 78 36
6 79 58
6 80 52
6 81 59
6 82 26
6 83 59
6 84 74
6 85 12
6 86 72
6 87 92
6 88 41
6 89 32
6 90 36
6 91 90
6 92 7
6 93 16
6 94 46
6 95 35
6 96 1
6 97 93
6 98 89
6 99 46
7 0 96
7 1 17
7 2 53
7 3 53
7 4 1
7 5 85
7 6 0
7 7 98
7 8 51
7 9 68
7 10 58
7 11 88
7 12 7
7 13 34
7 14 20
7 15 54
7 16 45
7 17 24
7 18 34
7 19 18
7 20 34
7 21 95
7 22 85
7 23 91
7 24 81
7 25 24
7 26 53
7 27 62
7 28 52
7 29 74
7 30 82
7 31 75
7 32 43
7 33 51
7 34 86
7 35 52
7 36 4
7 37 34
7 38 3
7 39 20
7 40 64
7 41 7
7 42 15
7 43 37
7 44 66
7 45 86
7 46 18
7 47 24
7 48 14
7 49 37
7 50 7
7 51 69
7 52 16
7 53 72
7 54 28
7 55 39
7 56 54
7 57 26
7 58 56
7 59 66
7 60 80
7 61 94
7 62 82
7 63 28
7 64 91
7 65 73
7 66 76
7 67 19
7 68 66
7 69 48
7 70 38
7 71 33
7 72 18
7 73 10
7 74 45
7 75 50
7 76 29
7 77 47
7 78 49
7 79 15
7 80 34
7 81 24
7 82 47
7 83 32
7 84 31
7 85 98
7 86 75
7 87 83
7 88 63
7 89 68
7 90 58
7 91 13
7 92 78
7 93 65
7 94 60
7 95 70
7 96 52
7 97 75
7 98 15
7 99 13
8 0 71
8 1 45
8 2 55
8 3 18
8 4 67
8 5 58
8 6 21
8 7 39
8 8 48
8 9 97
8 10 11
8 11 10
8 12 13
8 13 45
8 14 66
8 15 69
8 16 43
8 17 11
8 18 76
8 19 53
8 20 40
8 21 23
8 22 5
8 23 49
8 24 15
8 25 83
8 26 5
8 27 51
8 28 74
8 29 68
8 30 87
8 31 89
8 32 8
8 33 6
8 34 21
8 35 6
8 36 69
8 37 43
8 38 96
8 39 28
8 40 11
8 41 20
8 42 11
8 43 9
8 44 42
8 45 27
8 46 64
8 47 14
8 48 52
8 49 42
8 50 71
8 51 8
8 52 64
8 53 49
8 54 32
8 55 87
8 56 38
8 57 28
8 58 72
8 59 2
8 60 48
8 61 20
8 62 71
8 63 0
8 64 87
8 65 72
8 66 57
8 67 29
8 68 28
8 69 32
8 70 64
8 71 44
8 72 46
8 73 28
8 74 50
8 75 77
8 76 94
8 77 51
8 78 0
8 79 72
8 80 39
8 81 75
8 82 67
8 83 8
8 84 84
8 85 78
8 86 98
8 87 99
8 88 35
8 89 0
8 90 1
8 91 31
8 92 47
8 93 44
8 94 53
8 95 22
8 96 6
8 97 61
8 98 98
8 99 27
9 0 77
9 1 49
9 2 66
9 3 36
9 4 18
9 5 41
9 6 3
9 7 89
9 8 49
9 9 40
9 10 48
9 11 55
9 12 71
9 13 34
9 14 96
9 15 54
9 16 35
9 17 14
9 18 73
9 19 88
9 20 82
9 21 59
9 22 93
9 23 91
9 24 3
9 25 56
9 26 63
9 27 15
9 28 64
9 29 27
9 30 69
9 31 69
9 32 8
9 33 27
9 34 21
9 35 4
9 36 58
9 37 71
9 38 11
9 39 61
9 40 38
9 41 31
9 42 86
9 43 2
9 44 76
9 45 11
9 46 55
9 47 61
9 48 18
9 49 47
9 50 55
9 51 92
9 52 95
9 53 57
9 54 87
9 55 29
9 56 19
9 57 47
9 58 43
9 59 18
9 60 29
9 61 72
9 62 28
9 63 38
9 64 37
9 65 14
9 66 95
9 67 80
9 68 18
9 69 22
9 70 56
9 71 90
9 72 27
9 73 75
9 74 88
9 75 71
9 76 26
9 77 78
9 78 59
9 79 85
9 80 33
9 81 88
9 82 57
9 83 1
9 84 71
9 85 62
9 86 16
9 87 53
9 88 24
9 89 89
9 90 47
9 91 72
9 92 69
9 93 10
9 94 18
9 95 10
9 96 31
9 97 25
9 98 87
9 99 35
10 0 30
10 1 90
10 2 45
10 3 6
10 4 49
10 5 81
10 6 84
10 7 84
10 8 93
10 9 99
10 10 57
10 11 43
10 12 68
10 13 79
10 14 11
10 15 4
10 16 32
10 17 87
10 18 55
10 19 99
10 20 9
10 21 63
10 22 96
10 23 77
10 24 68
10 25 83
10 26 4
10 27 62
10 28 47
10 29 13
10 30 73
10 31 95
10 32 66
10 33 24
10 34 79
10 35 43
10 36 47
10 37 49
10 38 35
10 39 61
10 40 9
10 41 22
10 42 84
10 43 37
10 44 94
10 45 48
10 46 81
10 47 25
10 48 56
10 49 98
10 50 40
10 51 0
10 52 52
10 53 49
10 54 43
10 55 81
10 56 11
10 57 81
10 58 49
10 59 29
10 60 4
10 61 81
10 62 0
10 63 62
10 64 26
10 65 94
10 66 85
10 67 29
10 68 47
10 69 22
10 70 17
10 71 12
10 72 59
10 73 12
10 74 28
10 75 65
10 76 16
10 77 56
10 78 75
10 79 3
10 80 70
10 81 88
10 82 96
10 83 3
10 84 30
10 85 10
10 86 70
10 87 91
10 88 0
10 89 63
10 90 86
10 91 15
10 92 55
10 93 62
10 94 9
10 95 57
10 96 11
10 97 25
10 98 84
10 99 30
11 0 97
11 1 4
11 2 18
11 3 44
11 4 57
11 5 31
11 6 6
11 7 91
11 8 21
11 9 98
11 10 37
11 11 39
11 12 66
11 13 33
11 14 18
11 15 56
11 16 14
11 17 79
11 18 58
11 19 81
11 20 57
11 21 72
11 22 82
11 23 81
11 24 40
11 25 39
11 26 21
11 27 23
11 28 67
11 29 25
11 30 11
11 31 28
11 32 55
11 33 28
11 34 10
11 35 48
11 36 89
11 37 92
11 38 25
11 39 41
11 40 58
11 41 23
11 42 51
11 43 21
11 44 88
11 45 46
11 46 79
11 47 72
11 48 14
11 49 87
11 50 42
11 51 69
11 52 93
11 53 18
11 54 85
11 55 21
11 56 11
11 57 89
11 58 82
11 59 94
11 60 96
11 61 79
11 62 38
11 63 50
11 64 55
11 65 42
11 66 65
11 67 45
11 68 58
11 69 71
11 70 26
11 71 33
11 72 35
11 73 75
11 74 77
11 75 73
11 76 53
11 77 25
11 78 26
11 79 29
11 80 91
11 81 51
11 82 28
11 83 32
11 84 0
11 85 40
11 86 84
11 87 73
11 88 99
11 89 59
11 90 29
11 91 60
11 92 9
11 93 5
11 94 34
11 95 21
11 96 13
11 97 13
11 98 3
11 99 63
12 0 96
12 1 93
12 2 52
12 3 10
12 4 0
12 5 45
12 6 82
12 7 31
12 8 59
12 9 8
12 10 56
12 11 93
12 12 24
12 13 46
12 14 91
12 15 97
12 16 42
12 17 50
12 18 22
12 19 9
12 20 92
12 21 70
12 22 82
12 23 70
12 24 46
12 25 61
12 26 78
12 27 72
12 28 79
12 29 69
12 30 83
12 31 61
12 32 64
12 33 60
12 34 87
12 35 9
12 36 24
12 37 49
12 38 76
12 39 86
12 40 16
12 41 49
12 42 87
12 43 64
12 44 50
12 45 89
12 46 58
12 47 26
12 48 51
12 49 92
12 50 4
12 51 59
12 52 84
12 53 1
12 54 77
12 55 32
12 56 7
12 57 9
12 58 31
12 59 83
12 60 99
12 61 35
12 62 95
12 63 52
12 64 76
12 65 29
12 66 4
12 67 92
12 68 27
12 69 69
12 70 37
12 71 75
12 72 91
12 73 25
12 74 58
12 75 61
12 76 5
12 77 64
12 78 11
12 79 57
12 80 60
12 81 89
12 82 89
12 83 41
12 84 85
12 85 61
12 86 30
12 87 73
12 88 41
12 89 91
12 90 32
12 91 66
12 92 61
12 93 99
12 94 61
12 95 69
12 96 34
12 97 65
12 98 50
12 99 13
13 0 27
13 1 50
13 2 18
13 3 62
13 4 24
13 5 97
13 6 14
13 7 27
13 8 37
13 9 50
13 10 0
13 11 59
13 12 68
13 13 67
13 14 77
13 15 90
13 16 60
13 17 25
13 18 25
13 19 31
13 20 34
13 21 73
13 22 13
13 23 98
13 24 10
13 25 12
13 26 99
13 27 61
13 28 32
13 29 90
13 30 42
13 31 40
13 32 26
13 33 98
13 34 79
13 35 79
13 36 83
13 37 55
13 38 30
13 39 73
13 40 17
13 41 91
13 42 67
13 43 44
13 44 74
13 45 41
13 46 85
13 47 47
13 48 24
13 49 62
13 50 49
13 51 24
13 52 72
13 53 17
13 54 3
13 55 29
13 56 94
13 57 31
13 58 71
13 59 63
13 60 20
13 61 25
13 62 35
13 63 59
13 64 65
13 65 1
13 66 33
13 67 17
13 68 4
13 69 85
13 70 63
13 71 84
13 72 82
13 73 76
13 74 58
13 75 68
13 76 44
13 77 47
13 78 20
13 79 30
13 80 74
13 81 0
13 82 96
13 83 81
13 84 50
13 85 97
13 86 81
13 87 90
13 88 17
13 89 87
13 90 10
13 91 22
13 92 93
13 93 67
13 94 5
13 95 4
13 96 39
13 97 98
13 98 94
13 99 10
14 0 0
14 1 82
14 2 51
14 3 66
14 4 15
14 5 4
14 6 94
14 7 66
14 8 2
14 9 85
14 10 47
14 11 25
14 12 10
14 13 86
14 14 8
14 15 85
14 16 48
14 17 99
14 18 76
14 19 98
14 20 46
14 21 17
14 22 48
14 23 49
14 24 28
14 25 46
14 26 85
14 27 46
14 28 93
14 29 10
14 30 95
14 31 76
14 32 94
14 33 25
14 34 89
14 35 18
14 36 65
14 37 56
14 38 91
14 39 19
14 40 98
14 41 55
14 42 73
14 43 36
14 44 3
14 45 32
14 46 3
14 47 70
14 48 6
14 49 89
14 50 15
14 51 39
14 52 58
14 53 80
14 54 21
14 55 49
14 56 55
14 57 44
14 58 6
14 59 70
14 60 55
14 61 28
14 62 59
14 63 0
14 64 57
14 65 84
14 66 90
14 67 84
14 68 4
14 69 16
14 70 73
14 71 43
14 72 17
14 73 45
14 74 15
14 75 41
14 76 14
14 77 31
14 78 71
14 79 50
14 80 73
14 81 81
14 82 18
14 83 96
14 84 1
14 85 21
14 86 73
14 87 46
14 88 31
14 89 27
14 90 37
14 91 54
14 92 52
14 93 33
14 94 4
14 95 37
14 96 3
14 97 18
14 98 85
14 99 77
15 0 55
15 1 39
15 2 56
15 3 26
15 4 40
15 5 31
15 6 67
15 7 2
15 8 43
15 9 51
15 10 77
15 11 82
15 12 95
15 13 78
15 14 6
15 15 29
15 16 26
15 17 23
15 18 84
15 19 55
15 20 81
15 21 45
15 22 33
15 23 0
15 24 41
15 25 69
15 26 61
15 27 89
15 28 11
15 29 34
15 30 59
15 31 40
15 32 95
15 33 14
15 34 7
15 35 75
15 36 54
15 37 17
15 38 92
15 39 62
15 40 77
15 41 79
15 42 13
15 43 78
15 44 82
15 45 48
15 46 18
15 47 23
15 48 62
15 49 23
15 50 9
15 51 54
15 52 56
15 53 85
15 54 42
15 55 96
15 56 98
15 57 95
15 58 5
15 59 94
15 60 2
15 61 34
15 62 15
15 63 21
15 64 96
15 65 80
15 66 76
15 67 67
15 68 35
15 69 75
15 70 31
15 71 5
15 72 33
15 73 8
15 74 15
15 75 89
15 76 17
15 77 34
15 78 75
15 79 52
15 80 92
15 81 93
15 82 34
15 83 77
15 84 8
15 85 50
15 86 57
15 87 92
15 88 54
15 89 95
15 90 86
15 91 21
15 92 70
15 93 53
15 94 33
15 95 57
15 96 89
15 97 42
15 98 14
15 99 14
16 0 51
16 1 10
16 2 22
16 3 32
16 4 43
16 5 1
16 6 91
16 7 49
16 8 88
16 9 54
16 10 4
16 11 70
16 12 21
16 13 32
16 14 78
16 15 89
16 16 25
16 17 10
16 18 21
16 19 70
16 20 38
16 21 18
16 22 82
16 23 14
16 24 93
16 25 43
16 26 14
16 27 86
16 28 7
16 29 83
16 30 4
16 31 68
16 32 50
16 33 40
16 34 49
16 35 82
16 36 26
16 37 87
16 38 89
16 39 24
16 40 63
16 41 67
16 42 81
16 43 85
16 44 57
16 45 68
16 46 88
16 47 61
16 48 84
16 49 80
16 50 11
16 51 97
16 52 46
16 53 67
16 54 66
16 55 68
16 56 61
16 57 63
16 58 93
16 59 50
16 60 54
16 61 68
16 62 35
16 63 9
16 64 72
16 65 10
16 66 87
16 67 31
16 68 67
16 69 77
16 70 41
16 71 87
16 72 94
16 73 33
16 74 59
16 75 44
16 76 76
16 77 22
16 78 69
16 79 79
16 80 67
16 81 63
16 82 22
16 83 97
16 84 77
16 85 75
16 86 62
16 87 84
16 88 76
16 89 11
16 90 62
16 91 65
16 92 69
16 93 60
16 94 24
16 95 52
16 96 90
16 97 88
16 98 84
16 99 44
17 0 26
17 1 80
17 2 6
17 3 93
17 4 6
17 5 16
17 6 5
17 7 99
17 8 5
17 9 30
17 10 45
17 11 13
17 12 96
17 13 17
17 14 79
17 15 99
17 16 12
17 17 34
17 18 47
17 19 47
17 20 21
17 21 38
17 22 58
17 23 61
17 24 29
17 25 80
17 26 53
17 27 6
17 28 79
17 29 83
17 30 49
17 31 72
17 32 42
17 33 19
17 34 22
17 35 80
17 36 65
17 37 88
17 38 24
17 39 6
17 40 81
17 41 27
17 42 29
17 43 60
17 44 77
17 45 13
17 46 29
17 47 2
17 48 22
17 49 95
17 50 39
17 51 74
17 52 9
17 53 64
17 54 1
17 55 40
17 56 86
17 57 7
17 58 39
17 59 95
17 60 10
17 61 29
17 62 61
17 63 31
17 64 44
17 65 71
17 66 7
17 67 66
17 68 49
17 69 65
17 70 91
17 71 73
17 72 83
17 73 5
17 74 99
17 75 8
17 76 20
17 77 79
17 78 96
17 79 14
17 80 61
17 81 47
17 82 42
17 83 4
17 84 86
17 85 17
17 86 54
17 87 97
17 88 87
17 89 86
17 90 22
17 91 19
17 92 30
17 93 15
17 94 84
17 95 81
17 96 75
17 97 27
17 98 35
17 99 76
18 0 69
18 1 67
18 2 23
18 3 61
18 4 92
18 5 1
18 6 52
18 7 5
18 8 56
18 9 43
18 10 1
18 11 64
18 12 18
18 13 85
18 14 38
18 15 91
18 16 29
18 17 61
18 18 81
18 19 93
18 20 89
18 21 84
18 22 90
18 23 50
18 24 48
18 25 86
18 26 19
18 27 7
18 28 5
18 29 44
18 30 96
18 31 22
18 32 57
18 33 22
18 34 54
18 35 93
18 36 76
18 37 87
18 38 11
18 39 18
18 40 42
18 41 61
18 42 59
18 43 90
18 44 84
18 45 34
18 46 50
18 47 85
18 48 95
18 49 28
18 50 78
18 51 39
18 52 56
18 53 42
18 54 15
18 55 51
18 56 77
18 57 4
18 58 46
18 59 76
18 60 35
18 61 78
18 62 95
18 63 44
18 64 17
18 65 46
18 66 3
18 67 86
18 68 86
18 69 82
18 70 98
18 71 92
18 72 4
18 73 76
18 74 66
18 75 35
18 76 69
18 77 57
18 78 26
18 79 36
18 80 3
18 81 10
18 82 58
18 83 67
18 84 91
18 85 72
18 86 80
18 87 31
18 88 38
18 89 14
18 90 63
18 91 32
18 92 84
18 93 32
18 94 12
18 95 17
18 96 74
18 97 3
18 98 47
18 99 58
19 0 7
19 1 7
19 2 20
19 3 47
19 4 24
19 5 30
19 6 55
19 7 84
19 8 18
19 9 99
19 10 61
19 11 77
19 12 25
19 13 51
19 14 41
19 15 21
19 16 59
19 17 61
19 18 23
19 19 34
19 20 37
19 21 9
19 22 12
19 23 75
19 24 54
19 25 6
19 26 23
19 27 26
19 28 86
19 29 65
19 30 29
19 31 83
19 32 39
19 33 25
19 34 12
19 35 67
19 36 68
19 37 54
19 38 82
19 39 7
19 40 99
19 41 39
19 42 52
19 43 71
19 44 69
19 45 47
19 46 14
19 47 37
19 48 47
19 49 21
19 50 11
19 51 7
19 52 80
19 53 47
19 54 45
19 55 82
19 56 34
19 57 1
19 58 36
19 59 47
19 60 71
19 61 80
19 62 86
19 63 76
19 64 50
19 65 21
19 66 20
19 67 36
19 68 98
19 69 56
19 70 97
19 71 86
19 72 71
19 73 14
19 74 12
19 75 99
19 76 59
19 77 35
19 78 1
19 79 0
19 80 13
19 81 81
19 82 79
19 83 92
19 84 62
19 85 22
19 86 37
19 87 92
19 88 8
19 89 81
19 90 51
19 91 32
19 92 32
19 93 48
19 94 48
19 95 34
19 96 63
19 97 2
19 98 54
19 99 77
20 0 77
20 1 88
20 2 94
20 3 8
20 4 99
20 5 15
20 6 71
20 7 6
20 8 8
20 9 65
20 10 78
20 11 65
20 12 50
20 13 85
20 14 28
20 15 63
20 16 83
20 17 77
20 18 40
20 19 1
20 20 43
20 21 85
20 22 83
20 23 37
20 24 1
20 25 1
20 26 54
20 27 0
20 28 94
20 29 13
20 30 48
20 31 67
20 32 66
20 33 15
20 34 81
20 35 74
20 36 18
20 37 39
20 38 26
20 39 85
20 40 90
20 41 46
20 42 30
20 43 21
20 44 37
20 45 88
20 46 43
20 47 41
20 48 39
20 49 91
20 50 23
20 51 22
20 52 36
20 53 49
20 54 26
20 55 73
20 56 82
20 57 7
20 58 9
20 59 38
20 60 57
20 61 54
20 62 0
20 63 58
20 64 7
20 65 59
20 66 33
20 67 94
20 68 13
20 69 65
20 70 25
20 71 87
20 72 11
20 73 58
20 74 73
20 75 31
20 76 12
20 77 47
20 78 46
20 79 26
20 80 95
20 81 38
20 82 57
20 83 46
20 84 94
20 85 83
20 86 42
20 87 97
20 88 64
20 89 7
20 90 44
20 91 28
20 92 82
20 93 8
20 94 47
20 95 41
20 96 53
20 97 49
20 98 86
20 99 3
21 0 52
21 1 98
21 2 16
21 3 91
21 4 74
21 5 78
21 6 86
21 7 51
21 8 36
21 9 61
21 10 30
21 11 81
21 12 37
21 13 24
21 14 95
21 15 65
21 16 98
21 17 88
21 18 97
21 19 61
21 20 29
21 21 31
21 22 8
21 23 27
21 24 29
21 25 55
21 26 93
21 27 54
21 28 33
21 29 41
21 30 93
21 31 73
21 32 67
21 33 82
21 34 75
21 35 12
21 36 83
21 37 88
21 38 9
21 39 65
21 40 16
21 41 71
21 42 7
21 43 36
21 44 39
21 45 59
21 46 84
21 47 8
21 48 92
21 49 67
21 50 93
21 51 68
21 52 39
21 53 68
21 54 84
21 55 34
21 56 4
21 57 0
21 58 10
21 59 71
21 60 2
21 61 99
21 62 65
21 63 93
21 64 53
21 65 72
21 66 26
21 67 91
21 68 6
21 69 1
21 70 39
21 71 69
21 72 26
21 73 80
21 74 85
21 75 25
21 76 76
21 77 86
21 78 36
21 79 33
21 80 23
21 81 29
21 82 91
21 83 92
21 84 1
21 85 83
21 86 28
21 87 41
21 88 69
21 89 63
21 90 82
21 91 13
21 92 40
21 93 39
21 94 99
21 95 70
21 96 62
21 97 80
21 98 68
21 99 92
22 0 80
22 1 50
22 2 55
22 3 64
22 4 51
22 5 13
22 6 31
22 7 57
22 8 52
22 9 17
22 10 68
22 11 34
22 12 60
22 13 17
22 14 60
22 15 59
22 16 74
22 17 98
22 18 21
22 19 32
22 20 8
22 21 35
22 22 88
22 23 72
22 24 87
22 25 42
22 26 22
22 27 48
22 28 16
22 29 43
22 30 95
22 31 82
22 32 3
22 33 53
22 34 25
22 35 93
22 36 42
22 37 85
22 38 91
22 39 11
22 40 7
22 41 63
22 42 55
22 43 47
22 44 31
22 45 80
22 46 34
22 47 6
22 48 21
22 49 95
22 50 58
22 51 60
22 52 87
22 53 40
22 54 86
22 55 47
22 56 27
22 57 26
22 58 22
22 59 15
22 60 49
22 61 97
22 62 98
22 63 43
22 64 33
22 65 7
22 66 14
22 67 41
22 68 29
22 69 97
22 70 60
22 71 77
22 72 54
22 73 18
22 74 54
22 75 78
22 76 76
22 77 49
22 78 5
22 79 25
22 80 99
22 81 0
22 82 0
22 83 32
22 84 72
22 85 15
22 86 2
22 87 76
22 88 89
22 89 88
22 90 16
22 91 8
22 92 42
22 93 73
22 94 24
22 95 49
22 96 89
22 97 29
22 98 1
22 99 74
23 0 97
23 1 60
23 2 1
23 3 61
23 4 47
23 5 1
23 6 40
23 7 81
23 8 18
23 9 26
23 10 43
23 11 95
23 12 5
23 13 50
23 14 58
23 15 8
23 16 23
23 17 32
23 18 6
23 19 97
23 20 59
23 21 9
23 22 19
23 23 58
23 24 82
23 25 16
23 26 82
23 27 73
23 28 71
23 29 45
23 30 63
23 31 10
23 32 29
23 33 87
23 34 19
23 35 84
23 36 16
23 37 32
23 38 21
23 39 99
23 40 97
23 41 67
23 42 31
23 43 66
23 44 80
23 45 50
23 46 36
23 47 85
23 48 81
23 49 62
23 50 72
23 51 63
23 52 83
23 53 7
23 54 28
23 55 1
23 56 94
23 57 65
23 58 28
23 59 23
23 60 15
23 61 77
23 62 15
23 63 56
23 64 54
23 65 70
23 66 35
23 67 10
23 68 88
23 69 87
23 70 94
23 71 17
23 72 95
23 73 33
23 74 69
23 75 0
23 76 11
23 77 3
23 78 7
23 79 14
23 80 54
23 81 22
23 82 26
23 83 10
23 84 92
23 85 40
23 86 10
23 87 14
23 88 70
23 89 52
23 90 62
23 91 42
23 92 61
23 93 71
23 94 6
23 95 25
23 96 12
23 97 56
23 98 47
23 99 98
24 0 39
24 1 82
24 2 2
24 3 73
24 4 86
24 5 76
24 6 20
24 7 38
24 8 62
24 9 32
24 10 66
24 11 11
24 12 90
24 13 47
24 14 2
24 15 41
24 16 34
24 17 86
24 18 81
24 19 12
24 20 13
24 21 67
24 22 61
24 23 99
24 24 30
24 25 73
24 26 86
24 27 96
24 28 23
24 29 73
24 30 28
24 31 50
24 32 61
24 33 17
24 34 26
24 35 25
24 36 3
24 37 63
24 38 78
24 39 71
24 40 89
24 41 79
24 42 94
24 43 24
24 44 76
24 45 70
24 46 89
24 47 41
24 48 41
24 49 11
24 50 54
24 51 95
24 52 72
24 53 95
24 54 2
24 55 86
24 56 8
24 57 94
24 58 82
24 59 33
24 60 30
24 61 70
24 62 26
24 63 20
24 64 62
24 65 72
24 66 57
24 67 81
24 68 37
24 69 54
24 70 21
24 71 77
24 72 48
24 73 42
24 74 98
24 75 66
24 76 61
24 77 66
24 78 39
24 79 50
24 80 78
24 81 85
24 82 80
24 83 19
24 84 47
24 85 15
24 86 48
24 87 59
24 88 53
24 89 89
24 90 64
24 91 96
24 92 93
24 93 27
24 94 13
24 95 29
24 96 11
24 97 3
24 98 95
24 99 39
25 0 77
25 1 54
25 2 2
25 3 62
25 4 15
25 5 83
25 6 30
25 7 60
25 8 93
25 9 4
25 10 28
25 11 56
25 12 95
25 13 86
25 14 56
25 15 53
25 16 97
25 17 21
25 18 2
25 19 42
25 20 72
25 21 4
25 22 4
25 23 26
25 24 6
25 25 87
25 26 89
25 27 85
25 28 18
25 29 42
25 30 97
25 31 41
25 32 47
25 33 91
25 34 18
25 35 83
25 36 67
25 37 93
25 38 31
25 39 50
25 40 99
25 41 7
25 42 39
25 43 67
25 44 14
25 45 84
25 46 65
25 47 84
25 48 91
25 49 53
25 50 88
25 51 10
25 52 29
25 53 94
25 54 18
25 55 54
25 56 11
25 57 74
25 58 38
25 59 63
25 60 93
25 61 53
25 62 46
25 63 66
25 64 30
25 65 20
25 66 7
25 67 60
25 68 74
25 69 11
25 70 28
25 71 45
25 72 20
25 73 80
25 74 14
25 75 42
25 76 50
25 77 21
25 78 4
25 79 72
25 80 89
25 81 8
25 82 89
25 83 48
25 84 49
25 85 18
25 86 39
25 87 44
25 88 88
25 89 73
25 90 27
25 91 88
25 92 47
25 93 72
25 94 95
25 95 66
25 96 7
25 97 34
25 98 38
25 99 72
26 0 38
26 1 99
26 2 30
26 3 0
26 4 35
26 5 51
26 6 44
26 7 42
26 8 79
26 9 87
26 10 71
26 11 58
26 12 46
26 13 5
26 14 67
26 15 36
26 16 30
26 17 98
26 18 26
26 19 16
26 20 99
26 21 84
26 22 66
26 23 24
26 24 76
26 25 71
26 26 67
26 27 82
26 28 50
26 29 52
26 30 19
26 31 97
26 32 58
26 33 36
26 34 80
26 35 83
26 36 97
26 37 55
26 38 64
26 39 3
26 40 49
26 41 24
26 42 61
26 43 40
26 44 55
26 45 29
26 46 48
26 47 2
26 48 94
26 49 49
26 50 64
26 51 87
26 52 46
26 53 58
26 54 13
26 55 23
26 56 92
26 57 14
26 58 35
26 59 33
26 60 98
26 61 2
26 62 1
26 63 33
26 64 42
26 65 6
26 66 34
26 67 10
26 68 62
26 69 4
26 70 68
26 71 77
26 72 68
26 73 19
26 74 55
26 75 53
26 76 76
26 77 28
26 78 73
26 79 62
26 80 31
26 81 79
26 82 96
26 83 52
26 84 37
26 85 0
26 86 30
26 87 73
26 88 4
26 89 6
26 90 46
26 91 63
26 92 0
26 93 30
26 94 6
26 95 61
26 96 79
26 97 53
26 98 65
26 99 74
27 0 18
27 1 3
27 2 70
27 3 91
27 4 97
27 5 48
27 6 23
27 7 18
27 8 68
27 9 89
27 10 82
27 11 75
27 12 95
27 13 16
27 14 83
27 15 36
27 16 86
27 17 45
27 18 95
27 19 17
27 20 94
27 21 13
27 22 92
27 23 5
27 24 15
27 25 66
27 26 93
27 27 49
27 28 75
27 29 93
27 30 88
27 31 66
27 32 60
27 33 32
27 34 55
27 35 27
27 36 70
27 37 94
27 38 33
27 39 73
27 40 48
27 41 40
27 42 91
27 43 30
27 44 41
27 45 96
27 46 16
27 47 81
27 48 75
27 49 14
27 50 5
27 51 60
27 52 24
27 53 68
27 54 17
27 55 26
27 56 49
27 57 14
27 58 93
27 59 80
27 60 40
27 61 30
27 62 8
27 63 46
27 64 21
27 65 82
27 66 19
27 67 67
27 68 69
27 69 23
27 70 44
27 71 24
27 72 76
27 73 90
27 74 76
27 75 51
27 76 69
27 77 83
27 78 95
27 79 53
27 80 40
27 81 83
27 82 92
27 83 50
27 84 49
27 85 32
27 86 15
27 87 74
27 88 80
27 89 23
27 90 48
27 91 35
27 92 45
27 93 35
27 94 88
27 95 35
27 96 0
27 97 17
27 98 42
27 99 12
28 0 69
28 1 30
28 2 84
28 3 10
28 4 71
28 5 15
28 6 93
28 7 90
28 8 48
28 9 45
28 10 13
28 11 31
28 12 27
28 13 90
28 14 32
28 15 99
28 16 33
28 17 11
28 18 79
28 19 53
28 20 92
28 21 32
28 22 8
28 23 58
28 24 74
28 25 82
28 26 49
28 27 67
28 28 38
28 29 26
28 30 56
28 31 65
28 32 50
28 33 83
28 34 2
28 35 48
28 36 70
28 37 98
28 38 34
28 39 70
28 40 0
28 41 10
28 42 49
28 43 76
28 44 14
28 45 2
28 46 9
28 47 74
28 48 76
28 49 26
28 50 23
28 51 20
28 52 42
28 53 6
28 54 90
28 55 45
28 56 43
28 57 34
28 58 81
28 59 20
28 60 43
28 61 13
28 62 41
28 63 44
28 64 12
28 65 58
28 66 57
28 67 96
28 68 44
28 69 36
28 70 55
28 71 44
28 72 75
28 73 98
28 74 76
28 75 30
28 76 61
28 77 61
28 78 71
28 79 37
28 80 26
28 81 26
28 82 22
28 83 34
28 84 58
28 85 84
28 86 78
28 87 40
28 88 36
28 89 4
28 90 39
28 91 46
28 92 14
28 93 69
28 94 29
28 95 87
28 96 76
28 97 15
28 98 14
28 99 49
29 0 23
29 1 76
29 2 59
29 3 80
29 4 72
29 5 57
29 6 29
29 7 35
29 8 21
29 9 59
29 10 54
29 11 94
29 12 12
29 13 5
29 14 65
29 15 71
29 16 12
29 17 87
29 18 48
29 19 62
29 20 25
29 21 50
29 22 93
29 23 79
29 24 25
29 25 79
29 26 72
29 27 63
29 28 76
29 29 50
29 30 3
29 31 79
29 32 76
29 33 47
29 34 24
29 35 70
29 36 7
29 37 31
29 38 32
29 39 43
29 40 82
29 41 77
29 42 93
29 43 46
29 44 16
29 45 89
29 46 71
29 47 55
29 48 3
29 49 15
29 50 48
29 51 16
29 52 79
29 53 53
29 54 27
29 55 57
29 56 85
29 57 26
29 58 69
29 59 23
29 60 38
29 61 7
29 62 27
29 63 91
29 64 94
29 65 84
29 66 20
29 67 66
29 68 24
29 69 56
29 70 34
29 71 32
29 72 24
29 73 51
29 74 38
29 75 12
29 76 52
29 77 36
29 78 93
29 79 31
29 80 4
29 81 15
29 82 22
29 83 42
29 84 53
29 85 93
29 86 93
29 87 56
29 88 73
29 89 63
29 90 70
29 91 85
29 92 61
29 93 58
29 94 12
29 95 48
29 96 75
29 97 52
29 98 65
29 99 39
30 0 15
30 1 48
30 2 2
30 3 40
30 4 78
30 5 72
30 6 15
30 7 82
30 8 7
30 9 36
30 10 94
30 11 62
30 12 42
30 13 92
30 14 2
30 15 8
30 16 10
30 17 70
30 18 36
30 19 34
30 20 59
30 21 90
30 22 25
30 23 27
30 24 9
30 25 87
30 26 42
30 27 74
30 28 76
30 29 90
30 30 5
30 31 22
30 32 17
30 33 99
30 34 41
30 35 26
30 36 53
30 37 36
30 38 61
30 39 98
30 40 61
30 41 67
30 42 98
30 43 28
30 44 79
30 45 85
30 46 12
30 47 86
30 48 41
30 49 56
30 50 55
30 51 65
30 52 71
30 53 49
30 54 7
30 55 66
30 56 38
30 57 14
30 58 9
30 59 78
30 60 17
30 61 31
30 62 45
30 63 59
30 64 64
30 65 13
30 66 2
30 67 55
30 68 81
30 69 97
30 70 73
30 71 89
30 72 39
30 73 43
30 74 6
30 75 90
30 76 24
30 77 42
30 78 11
30 79 15
30 80 39
30 81 39
30 82 75
30 83 56
30 84 31
30 85 83
30 86 4
30 87 30
30 88 65
30 89 35
30 90 50
30 91 42
30 92 81
30 93 31
30 94 17
30 95 58
30 96 98
30 97 83
30 98 9
30 99 85
31 0 1
31 1 16
31 2 89
31 3 51
31 4 43
31 5 70
31 6 61
31 7 59
31 8 8
31 9 0
31 10 17
31 11 48
31 12 89
31 13 76
31 14 99
31 15 59
31 16 53
31 17 86
31 18 9
31 19 79
31 20 16
31 21 46
31 22 21
31 23 92
31 24 76
31 25 16
31 26 5
31 27 78
31 28 6
31 29 71
31 30 63
31 31 38
31 32 46
31 33 59
31 34 10
31 35 39
31 36 43
31 37 58
31 38 60
31 39 27
31 40 29
31 41 71
31 42 16
31 43 53
31 44 72
31 45 17
31 46 32
31 47 27
31 48 89
31 49 38
31 50 88
31 51 16
31 52 85
31 53 99
31 54 76
31 55 88
31 56 12
31 57 5
31 58 53
31 59 45
31 60 60
31 61 22
31 62 71
31 63 6
31 64 35
31 65 94
31 66 68
31 67 31
31 68 77
31 69 30
31 70 50
31 71 11
31 72 8
31 73 30
31 74 46
31 75 34
31 76 2
31 77 71
31 78 17
31 79 43
31 80 85
31 81 92
31 82 1
31 83 43
31 84 11
31 85 54
31 86 54
31 87 28
31 88 71
31 89 84
31 90 77
31 91 89
31 92 12
31 93 45
31 94 22
31 95 75
31 96 37
31 97 28
31 98 95
31 99 17
32 0 47
32 1 22
32 2 79
32 3 93
32 4 28
32 5 66
32 6 73
32 7 42
32 8 69
32 9 39
32 10 66
32 11 79
32 12 51
32 13 16
32 14 98
32 15 66
32 16 10
32 17 28
32 18 24
32 19 86
32 20 30
32 21 13
32 22 64
32 23 98
32 24 75
32 25 10
32 26 51
32 27 87
32 28 52
32 29 70
32 30 10
32 31 70
32 32 20
32 33 61
32 34 60
32 35 91
32 36 70
32 37 82
32 38 82
32 39 34
32 40 32
32 41 47
32 42 44
32 43 43
32 44 35
32 45 57
32 46 62
32 47 81
32 48 86
32 49 3
32 50 24
32 51 65
32 52 56
32 53 2
32 54 72
32 55 66
32 56 51
32 57 74
32 58 15
32 59 73
32 60 28
32 61 48
32 62 31
32 63 65
32 64 72
32 65 17
32 66 68
32 67 17
32 68 94
32 69 43
32 70 37
32 71 66
32 72 27
32 73 8
32 74 30
32 75 24
32 76 43
32 77 59
32 78 85
32 79 22
32 80 51
32 81 20
32 82 14
32 83 74
32 84 42
32 85 76
32 86 71
32 87 95
32 88 66
32 89 70
32 90 93
32 91 17
32 92 24
32 93 24
32 94 5
32 95 60
32 96 8
32 97 29
32 98 35
32 99 13
33 0 64
33 1 45
33 2 18
33 3 10
33 4 90
33 5 7
33 6 13
33 7 17
33 8 45
33 9 95
33 10 38
33 11 31
33 12 53
33 13 64
33 14 20
33 15 75
33 16 8
33 17 1
33 18 79
33 19 95
33 20 35
33 21 60
33 22 29
33 23 56
33 24 8
33 25 17
33 26 39
33 27 17
33 28 54
33 29 13
33 30 74
33 31 33
33 32 99
33 33 71
33 34 97
33 35 30
33 36 62
33 37 30
33 38 88
33 39 98
33 40 57
33 41 1
33 42 23
33 43 97
33 44 85
33 45 29
33 46 53
33 47 6
33 48 93
33 49 41
33 50 46
33 51 83
33 52 86
33 53 86
33 54 0
33 55 33
33 56 82
33 57 49
33 58 23
33 59 97
33 60 32
33 61 41
33 62 21
33 63 52
33 64 51
33 65 77
33 66 49
33 67 33
33 68 53
33 69 23
33 70 99
33 71 92
33 72 53
33 73 44
33 74 70
33 75 64
33 76 90
33 77 88
33 78 54
33 79 27
33 80 31
33 81 99
33 82 25
33 83 34
33 84 27
33 85 2
33 86 33
33 87 20
33 88 12
33 89 80
33 90 7
33 91 56
33 92 9
33 93 49
33 94 71
33 95 3
33 96 42
33 97 44
33 98 88
33 99 56
34 0 53
34 1 32
34 2 47
34 3 70
34 4 75
34 5 25
34 6 16
34 7 8
34 8 92
34 9 38
34 10 29
34 11 20
34 12 91
34 13 28
34 14 0
34 15 31
34 16 6
34 17 70
34 18 36
34 19 26
34 20 23
34 21 99
34 22 40
34 23 45
34 24 25
34 25 32
34 26 24
34 27 12
34 28 14
34 29 79
34 30 37
34 31 51
34 32 57
34 33 31
34 34 99
34 35 48
34 36 55
34 37 59
34 38 37
34 39 80
34 40 51
34 41 33
34 42 46
34 43 99
34 44 72
34 45 43
34 46 99
34 47 65
34 48 68
34 49 32
34 50 50
34 51 62
34 52 54
34 53 42
34 54 86
34 55 70
34 56 96
34 57 44
34 58 93
34 59 69
34 60 67
34 61 87
34 62 35
34 63 50
34 64 57
34 65 19
34 66 16
34 67 19
34 68 30
34 69 7
34 70 81
34 71 22
34 72 7
34 73 31
34 74 23
34 75 51
34 76 56
34 77 21
34 78 46
34 79 45
34 80 11
34 81 90
34 82 90
34 83 24
34 84 30
34 85 44
34 86 77
34 87 49
34 88 2
34 89 96
34 90 33
34 91 58
34 92 91
34 93 16
34 94 72
34 95 64
34 96 77
34 97 71
34 98 1
34 99 85
35 0 52
35 1 84
35 2 4
35 3 52
35 4 68
35 5 94
35 6 55
35 7 25
35 8 51
35 9 5
35 10 33
35 11 83
35 12 93
35 13 79
35 14 17
35 15 52
35 16 35
35 17 61
35 18 21
35 19 43
35 20 92
35 21 64
35 22 92
35 23 57
35 24 84
35 25 45
35 26 54
35 27 86
35 28 34
35 29 13
35 30 62
35 31 16
35 32 9
35 33 55
35 34 18
35 35 10
35 36 95
35 37 56
35 38 79
35 39 83
35 40 31
35 41 28
35 42 4
35 43 11
35 44 73
35 45 38
35 46 54
35 47 79
35 48 56
35 49 2
35 50 54
35 51 79
35 52 28
35 53 89
35 54 59
35 55 48
35 56 78
35 57 47
35 58 10
35 59 56
35 60 90
35 61 64
35 62 76
35 63 71
35 64 76
35 65 15
35 66 95
35 67 90
35 68 3
35 69 63
35 70 33
35 71 27
35 72 10
35 73 5
35 74 11
35 75 24
35 76 51
35 77 17
35 78 82
35 79 87
35 80 90
35 81 55
35 82 16
35 83 83
35 84 40
35 85 93
35 86 9
35 87 66
35 88 43
35 89 73
35 90 16
35 91 42
35 92 83
35 93 87
35 94 34
35 95 83
35 96 98
35 97 17
35 98 63
35 99 66
36 0 35
36 1 17
36 2 29
36 3 41
36 4 56
36 5 97
36 6 89
36 7 83
36 8 20
36 9 43
36 10 64
36 11 71
36 12 57
36 13 67
36 14 94
36 15 17
36 16 83
36 17 77
36 18 27
36 19 91
36 20 93
36 21 31
36 22 68
36 23 88
36 24 40
36 25 68
36 26 1
36 27 55
36 28 74
36 29 61
36 30 13
36 31 64
36 32 45
36 33 93
36 34 46
36 35 23
36 36 47
36 37 84
36 38 64
36 39 20
36 40 42
36 41 68
36 42 76
36 43 48
36 44 28
36 45 23
36 46 46
36 47 34
36 48 97
36 49 89
36 50 92
36 51 72
36 52 84
36 53 87
36 54 22
36 55 61
36 56 37
36 57 46
36 58 4
36 59 39
36 60 2
36 61 50
36 62 95
36 63 34
36 64 53
36 65 2
36 66 40
36 67 59
36 68 61
36 69 9
36 70 54
36 71 91
36 72 35
36 73 72
36 74 99
36 75 24
36 76 60
36 77 10
36 78 2
36 79 78
36 80 6
36 81 29
36 82 84
36 83 20
36 84 2
36 85 90
36 86 30
36 87 22
36 88 18
36 89 33
36 90 51
36 91 67
36 92 55
36 93 8
36 94 87
36 95 96
36 96 53
36 97 62
36 98 84
36 99 52
37 0 6
37 1 96
37 2 12
37 3 71
37 4 49
37 5 10
37 6 56
37 7 66
37 8 5
37 9 5
37 10 48
37 11 33
37 12 99
37 13 25
37 14 48
37 15 63
37 16 45
37 17 91
37 18 44
37 19 11
37 20 27
37 21 57
37 22 7
37 23 40
37 24 72
37 25 52
37 26 15
37 27 60
37 28 42
37 29 68
37 30 77
37 31 46
37 32 91
37 33 66
37 34 86
37 35 14
37 36 94
37 37 4
37 38 95
37 39 74
37 40 70
37 41 35
37 42 58
37 43 10
37 44 78
37 45 86
37 46 84
37 47 58
37 48 5
37 49 75
37 50 67
37 51 84
37 52 1
37 53 90
37 54 3
37 55 61
37 56 95
37 57 78
37 58 69
37 59 4
37 60 77
37 61 36
37 62 7
37 63 98
37 64 44
37 65 55
37 66 36
37 67 2
37 68 65
37 69 69
37 70 89
37 71 13
37 72 88
37 73 53
37 74 45
37 75 50
37 76 93
37 77 22
37 78 42
37 79 12
37 80 80
37 81 49
37 82 73
37 83 20
37 84 58
37 85 67
37 86 64
37 87 2
37 88 93
37 89 61
37 90 74
37 91 37
37 92 21
37 93 25
37 94 15
37 95 39
37 96 97
37 97 54
37 98 34
37 99 56
38 0 46
38 1 13
38 2 82
38 3 74
38 4 11
38 5 6
38 6 53
38 7 61
38 8 47
38 9 70
38 10 4
38 11 17
38 12 91
38 13 67
38 14 72
38 15 49
38 16 64
38 17 22
38 18 61
38 19 60
38 20 9
38 21 13
38 22 2
38 23 67
38 24 26
38 25 45
38 26 52
38 27 93
38 28 73
38 29 59
38 30 28
38 31 23
38 32 42
38 33 96
38 34 69
38 35 37
38 36 54
38 37 3
38 38 86
38 39 55
38 40 28
38 41 59
38 42 10
38 43 81
38 44 89
38 45 33
38 46 89
38 47 65
38 48 90
38 49 74
38 50 95
38 51 10
38 52 84
38 53 4
38 54 17
38 55 86
38 56 20
38 57 59
38 58 71
38 59 89
38 60 81
38 61 12
38 62 30
38 63 49
38 64 27
38 65 18
38 66 10
38 67 78
38 68 62
38 69 83
38 70 16
38 71 39
38 72 84
38 73 35
38 74 63
38 75 49
38 76 0
38 77 4
38 78 5
38 79 92
38 80 92
38 81 31
38 82 77
38 83 48
38 84 94
38 85 95
38 86 55
38 87 45
38 88 67
38 89 67
38 90 35
38 91 13
38 92 65
38 93 62
38 94 60
38 95 16
38 96 3
38 97 27
38 98 81
38 99 34
39 0 23
39 1 75
39 2 71
39 3 7
39 4 3
39 5 35
39 6 95
39 7 84
39 8 17
39 9 79
39 10 34
39 11 24
39 12 90
39 13 45
39 14 63
39 15 70
39 16 23
39 17 24
39 18 0
39 19 73
39 20 76
39 21 93
39 22 9
39 23 80
39 24 0
39 25 63
39 26 33
39 27 57
39 28 53
39 29 91
39 30 59
39 31 72
39 32 12
39 33 19
39 34 83
39 35 5
39 36 86
39 37 60
39 38 11
39 39 66
39 40 96
39 41 19
39 42 45
39 43 3
39 44 13
39 45 29
39 46 50
39 47 97
39 48 10
39 49 71
39 50 47
39 51 30
39 52 53
39 53 93
39 54 84
39 55 63
39 56 19
39 57 63
39 58 95
39 59 4
39 60 49
39 61 98
39 62 92
39 63 56
39 64 86
39 65 18
39 66 75
39 67 30
39 68 92
39 69 8
39 70 82
39 71 47
39 72 64
39 73 52
39 74 46
39 75 99
39 76 91
39 77 25
39 78 25
39 79 92
39 80 63
39 81 7
39 82 54
39 83 16
39 84 36
39 85 19
39 86 28
39 87 60
39 88 57
39 89 21
39 90 40
39 91 96
39 92 79
39 93 24
39 94 3
39 95 87
39 96 37
39 97 12
39 98 25
39 99 61
40 0 8
40 1 53
40 2 69
40 3 12
40 4 10
40 5 45
40 6 17
40 7 54
40 8 34
40 9 38
40 10 72
40 11 51
40 12 52
40 13 41
40 14 19
40 15 74
40 16 68
40 17 15
40 18 70
40 19 85
40 20 92
40 21 58
40 22 86
40 23 27
40 24 7
40 25 73
40 26 88
40 27 4
40 28 16
40 29 78
40 30 3
40 31 72
40 32 8
40 33 73
40 34 54
40 35 56
40 36 41
40 37 74
40 38 70
40 39 40
40 40 21
40 41 80
40 42 32
40 43 18
40 44 79
40 45 33
40 46 76
40 47 30
40 48 25
40 49 49
40 50 1
40 51 65
40 52 9
40 53 38
40 54 39
40 55 11
40 56 2
40 57 26
40 58 35
40 59 47
40 60 20
40 61 44
40 62 19
40 63 17
40 64 27
40 65 86
40 66 0
40 67 59
40 68 42
40 69 56
40 70 76
40 71 35
40 72 56
40 73 55
40 74 72
40 75 58
40 76 65
40 77 61
40 78 87
40 79 74
40 80 67
40 81 41
40 82 70
40 83 77
40 84 91
40 85 59
40 86 60
40 87 29
40 88 22
40 89 85
40 90 41
40 91 16
40 92 24
40 93 85
40 94 31
40 95 21
40 96 66
40 97 87
40 98 61
40 99 94
41 0 21
41 1 27
41 2 61
41 3 93
41 4 79
41 5 27
41 6 65
41 7 34
41 8 17
41 9 72
41 10 21
41 11 99
41 12 86
41 13 71
41 14 43
41 15 87
41 16 48
41 17 28
41 18 57
41 19 84
41 20 45
41 21 55
41 22 10
41 23 24
41 24 1
41 25 46
41 26 40
41 27 12
41 28 71
41 29 75
41 30 21
41 31 60
41 32 66
41 33 26
41 34 91
41 35 3
41 36 35
41 37 73
41 38 6
41 39 31
41 40 76
41 41 4
41 42 22
41 43 76
41 44 47
41 45 43
41 46 63
41 47 34
41 48 21
41 49 71
41 50 94
41 51 10
41 52 54
41 53 84
41 54 29
41 55 30
41 56 31
41 57 82
41 58 94
41 59 81
41 60 60
41 61 60
41 62 44
41 63 61
41 64 68
41 65 98
41 66 24
41 67 41
41 68 46
41 69 11
41 70 20
41 71 11
41 72 66
41 73 13
41 74 14
41 75 63
41 76 13
41 77 17
41 78 12
41 79 18
41 80 25
41 81 4
41 82 35
41 83 77
41 84 97
41 85 85
41 86 46
41 87 42
41 88 34
41 89 18
41 90 45
41 91 89
41 92 92
41 93 29
41 94 47
41 95 14
41 96 64
41 97 78
41 98 66
41 99 47
42 0 10
42 1 70
42 2 86
42 3 64
42 4 98
42 5 32
42 6 45
42 7 78
42 8 15
42 9 46
42 10 74
42 11 72
42 12 9
42 13 76
42 14 28
42 15 94
42 16 66
42 17 64
42 18 62
42 19 53
42 20 57
42 21 93
42 22 45
42 23 17
42 24 98
42 25 61
42 26 30
42 27 89
42 28 53
42 29 3
42 30 90
42 31 92
42 32 37
42 33 43
42 34 96
42 35 97
42 36 25
42 37 49
42 38 19
42 39 2
42 40 63
42 41 96
42 42 65
42 43 43
42 44 61
42 45 71
42 46 92
42 47 65
42 48 58
42 49 82
42 50 84
42 51 10
42 52 93
42 53 68
42 54 62
42 55 2
42 56 68
42 57 58
42 58 27
42 59 40
42 60 16
42 61 64
42 62 52
42 63 49
42 64 5
42 65 12
42 66 11
42 67 15
42 68 83
42 69 43
42 70 24
42 71 23
42 72 84
42 73 8
42 74 50
42 75 63
42 76 29
42 77 92
42 78 1
42 79 46
42 80 39
42 81 80
42 82 84
42 83 97
42 84 25
42 85 74
42 86 23
42 87 99
42 88 78
42 89 43
42 90 81
42 91 75
42 92 73
42 93 66
42 94 24
42 95 86
42 96 78
42 97 66
42 98 22
42 99 44
43 0 51
43 1 54
43 2 75
43 3 44
43 4 27
43 5 94
43 6 77
43 7 68
43 8 44
43 9 87
43 10 93
43 11 56
43 12 7
43 13 28
43 14 71
43 15 62
43 16 22
43 17 52
43 18 34
43 19 23
43 20 74
43 21 4
43 22 21
43 23 32
43 24 91
43 25 0
43 26 30
43 27 39
43 28 74
43 29 6
43 30 54
43 31 46
43 32 90
43 33 19
43 34 42
43 35 11
43 36 70
43 37 79
43 38 61
43 39 19
43 40 94
43 41 82
43 42 6
43 43 72
43 44 89
43 45 44
43 46 80
43 47 18
43 48 16
43 49 5
43 50 81
43 51 25
43 52 18
43 53 4
43 54 69
43 55 85
43 56 79
43 57 59
43 58 90
43 59 52
43 60 94
43 61 18
43 62 22
43 63 65
43 64 7
43 65 66
43 66 95
43 67 94
43 68 7
43 69 25
43 70 70
43 71 19
43 72 61
43 73 34
43 74 22
43 75 46
43 76 37
43 77 78
43 78 52
43 79 60
43 80 62
43 81 94
43 82 38
43 83 6
43 84 80
43 85 69
43 86 53
43 87 93
43 88 73
43 89 71
43 90 64
43 91 72
43 92 19
43 93 40
43 94 74
43 95 79
43 96 32
43 97 82
43 98 28
43 99 22
44 0 45
44 1 58
44 2 68
44 3 12
44 4 11
44 5 41
44 6 42
44 7 58
44 8 47
44 9 76
44 10 50
44 11 80
44 12 98
44 13 27
44 14 83
44 15 46
44 16 22
44 17 50
44 18 44
44 19 13
44 20 25
44 21 67
44 22 72
44 23 8
44 24 52
44 25 14
44 26 51
44 27 82
44 28 83
44 29 32
44 30 71
44 31 46
44 32 11
44 33 8
44 34 12
44 35 63
44 36 85
44 37 95
44 38 74
44 39 71
44 40 79
44 41 60
44 42 63
44 43 50
44 44 17
44 45 51
44 46 53
44 47 28
44 48 59
44 49 71
44 50 62
44 51 19
44 52 26
44 53 83
44 54 45
44 55 4
44 56 77
44 57 10
44 58 76
44 59 61
44 60 4
44 61 31
44 62 93
44 63 8
44 64 80
44 65 24
44 66 98
44 67 87
44 68 50
44 69 71
44 70 94
44 71 43
44 72 10
44 73 76
44 74 86
44 75 31
44 76 58
44 77 42
44 78 60
44 79 2
44 80 91
44 81 88
44 82 83
44 83 45
44 84 24
44 85 40
44 86 65
44 87 76
44 88 78
44 89 91
44 90 50
44 91 65
44 92 68
44 93 4
44 94 98
44 95 94
44 96 13
44 97 95
44 98 73
44 99 76
45 0 59
45 1 14
45 2 22
45 3 80
45 4 14
45 5 11
45 6 51
45 7 6
45 8 11
45 9 53
45 10 52
45 11 90
45 12 19
45 13 97
45 14 36
45 15 67
45 16 89
45 17 46
45 18 74
45 19 7
45 20 59
45 21 68
45 22 96
45 23 52
45 24 59
45 25 22
45 26 86
45 27 89
45 28 19
45 29 79
45 30 81
45 31 34
45 32 16
45 33 51
45 34 22
45 35 43
45 36 1
45 37 40
45 38 23
45 39 20
45 40 61
45 41 36
45 42 77
45 43 33
45 44 93
45 45 94
45 46 93
45 47 7
45 48 67
45 49 92
45 50 29
45 51 62
45 52 80
45 53 15
45 54 50
45 55 4
45 56 89
45 57 82
45 58 53
45 59 25
45 60 19
45 61 18
45 62 39
45 63 34
45 64 28
45 65 87
45 66 70
45 67 63
45 68 38
45 69 89
45 70 53
45 71 51
45 72 79
45 73 94
45 74 51
45 75 10
45 76 23
45 77 83
45 78 93
45 79 99
45 80 26
45 81 6
45 82 38
45 83 57
45 84 50
45 85 43
45 86 97
45 87 5
45 88 21
45 89 23
45 90 59
45 91 17
45 92 35
45 93 91
45 94 46
45 95 51
45 96 0
45 97 38
45 98 93
45 99 90
46 0 77
46 1 13
46 2 97
46 3 57
46 4 98
46 5 3
46 6 18
46 7 91
46 8 23
46 9 96
46 10 72
46 11 50
46 12 4
46 13 26
46 14 57
46 15 0
46 16 79
46 17 43
46 18 56
46 19 21
46 20 24
46 21 18
46 22 55
46 23 51
46 24 93
46 25 49
46 26 2
46 27 65
46 28 92
46 29 51
46 30 85
46 31 54
46 32 79
46 33 95
46 34 84
46 35 17
46 36 62
46 37 57
46 38 22
46 39 66
46 40 99
46 41 97
46 42 71
46 43 84
46 44 39
46 45 49
46 46 6
46 47 35
46 48 85
46 49 13
46 50 20
46 51 30
46 52 13
46 53 75
46 54 91
46 55 1
46 56 40
46 57 10
46 58 92
46 59 89
46 60 75
46 61 46
46 62 64
46 63 28
46 64 78
46 65 33
46 66 14
46 67 20
46 68 26
46 69 37
46 70 70
46 71 64
46 72 38
46 73 63
46 74 93
46 75 18
46 76 47
46 77 57
46 78 85
46 79 5
46 80 15
46 81 20
46 82 24
46 83 75
46 84 50
46 85 89
46 86 62
46 87 72
46 88 68
46 89 64
46 90 51
46 91 61
46 92 2
46 93 4
46 94 44
46 95 79
46 96 96
46 97 18
46 98 89
46 99 65
47 0 47
47 1 62
47 2 12
47 3 57
47 4 41
47 5 88
47 6 98
47 7 71
47 8 94
47 9 50
47 10 90
47 11 31
47 12 73
47 13 92
47 14 96
47 15 17
47 16 68
47 17 68
47 18 35
47 19 92
47 20 18
47 21 1
47 22 60
47 23 72
47 24 69
47 25 44
47 26 35
47 27 33
47 28 7
47 29 6
47 30 35
47 31 16
47 32 45
47 33 93
47 34 42
47 35 73
47 36 30
47 37 65
47 38 43
47 39 15
47 40 62
47 41 67
47 42 1
47 43 41
47 44 4
47 45 1
47 46 13
47 47 34
47 48 38
47 49 21
47 50 91
47 51 88
47 52 32
47 53 88
47 54 26
47 55 99
47 56 3
47 57 7
47 58 90
47 59 32
47 60 81
47 61 53
47 62 56
47 63 1
47 64 7
47 65 33
47 66 89
47 67 71
47 68 39
47 69 46
47 70 59
47 71 7
47 72 7
47 73 69
47 74 62
47 75 23
47 76 90
47 77 22
47 78 90
47 79 0
47 80 78
47 81 36
47 82 66
47 83 33
47 84 96
47 85 29
47 86 22
47 87 80
47 88 37
47 89 5
47 90 49
47 91 89
47 92 57
47 93 71
47 94 71
47 95 73
47 96 46
47 97 39
47 98 73
47 99 68
48 0 10
48 1 32
48 2 27
48 3 46
48 4 6
48 5 87
48 6 32
48 7 44
48 8 9
48 9 77
48 10 48
48 11 63
48 12 29
48 13 96
48 14 17
48 15 43
48 16 61
48 17 76
48 18 38
48 19 85
48 20 2
48 21 45
48 22 88
48 23 4
48 24 67
48 25 52
48 26 44
48 27 23
48 28 62
48 29 62
48 30 38
48 31 28
48 32 49
48 33 81
48 34 34
48 35 84
48 36 3
48 37 66
48 38 33
48 39 62
48 40 88
48 41 5
48 42 34
48 43 61
48 44 14
48 45 93
48 46 50
48 47 70
48 48 15
48 49 56
48 50 77
48 51 93
48 52 64
48 53 16
48 54 87
48 55 73
48 56 8
48 57 7
48 58 40
48 59 87
48 60 30
48 61 52
48 62 20
48 63 47
48 64 35
48 65 94
48 66 37
48 67 5
48 68 94
48 69 2
48 70 63
48 71 75
48 72 83
48 73 82
48 74 45
48 75 28
48 76 50
48 77 49
48 78 54
48 79 94
48 80 94
48 81 75
48 82 8
48 83 1
48 84 81
48 85 41
48 86 18
48 87 87
48 88 10
48 89 50
48 90 74
48 91 21
48 92 35
48 93 49
48 94 75
48 95 60
48 96 64
48 97 96
48 98 47
48 99 46
49 0 66
49 1 14
49 2 55
49 3 64
49 4 6
49 5 8
49 6 36
49 7 87
49 8 17
49 9 13
49 10 16
49 11 86
49 12 26
49 13 64
49 14 74
49 15 99
49 16 53
49 17 57
49 18 69
49 19 56
49 20 87
49 21 21
49 22 43
49 23 22
49 24 28
49 25 94
49 26 99
49 27 85
49 28 77
49 29 13
49 30 76
49 31 46
49 32 56
49 33 38
49 34 65
49 35 12
49 36 13
49 37 31
49 38 43
49 39 46
49 40 67
49 41 96
49 42 22
49 43 99
49 44 27
49 45 7
49 46 4
49 47 22
49 48 89
49 49 95
49 50 55
49 51 14
49 52 70
49 53 98
49 54 86
49 55 45
49 56 99
49 57 2
49 58 16
49 59 44
49 60 48
49 61 3
49 62 65
49 63 93
49 64 32
49 65 55
49 66 81
49 67 29
49 68 4
49 69 63
49 70 95
49 71 26
49 72 39
49 73 43
49 74 55
49 75 73
49 76 74
49 77 76
49 78 76
49 79 62
49 80 9
49 81 96
49 82 42
49 83 73
49 84 35
49 85 74
49 86 43
49 87 86
49 88 94
49 89 78
49 90 90
49 91 69
49 92 27
49 93 44
49 94 53
49 95 43
49 96 37
49 97 45
49 98 31
49 99 33
50 0 32
50 1 9
50 2 63
50 3 26
50 4 65
50 5 53
50 6 18
50 7 4
50 8 78
50 9 83
50 10 45
50 11 32
50 12 37
50 13 79
50 14 88
50 15 47
50 16 78
50 17 13
50 18 91
50 19 70
50 20 57
50 21 90
50 22 68
50 23 94
50 24 81
50 25 70
50 26 36
50 27 77
50 28 12
50 29 75
50 30 71
50 31 61
50 32 60
50 33 7
50 34 83
50 35 82
50 36 99
50 37 3
50 38 17
50 39 44
50 40 34
50 41 44
50 42 8
50 43 55
50 44 4
50 45 37
50 46 59
50 47 94
50 48 91
50 49 55
50 50 61
50 51 20
50 52 89
50 53 77
50 54 3
50 55 10
50 56 82
50 57 3
50 58 83
50 59 90
50 60 68
50 61 69
50 62 33
50 63 24
50 64 43
50 65 26
50 66 52
50 67 35
50 68 99
50 69 48
50 70 2
50 71 52
50 72 41
50 73 59
50 74 84
50 75 75
50 76 59
50 77 45
50 78 17
50 79 47
50 80 83
50 81 72
50 82 58
50 83 4
50 84 58
50 85 72
50 86 36
50 87 76
50 88 18
50 89 49
50 90 66
50 91 26
50 92 50
50 93 44
50 94 41
50 95 96
50 96 59
50 97 58
50 98 89
50 99 47
51 0 66
51 1 74
51 2 27
51 3 37
51 4 64
51 5 56
51 6 50
51 7 1
51 8 29
51 9 88
51 10 23
51 11 10
51 12 40
51 13 68
51 14 37
51 15 78
51 16 16
51 17 58
51 18 21
51 19 97
51 20 77
51 21 38
51 22 59
51 23 82
51 24 98
51 25 0
51 26 26
51 27 91
51 28 56
51 29 43
51 30 27
51 31 60
51 32 31
51 33 13
51 34 34
51 35 47
51 36 32
51 37 95
51 38 25
51 39 47
51 40 87
51 41 1
51 42 53
51 43 79
51 44 44
51 45 16
51 46 2
51 47 75
51 48 50
51 49 31
51 50 71
51 51 76
51 52 63
51 53 16
51 54 61
51 55 9
51 56 92
51 57 12
51 58 50
51 59 18
51 60 84
51 61 30
51 62 73
51 63 6
51 64 83
51 65 70
51 66 68
51 67 46
51 68 6
51 69 96
51 70 5
51 71 79
51 72 89
51 73 85
51 74 55
51 75 94
51 76 70
51 77 98
51 78 50
51 79 2
51 80 73
51 81 17
51 82 78
51 83 31
51 84 45
51 85 86
51 86 73
51 87 39
51 88 95
51 89 77
51 90 83
51 91 49
51 92 32
51 93 1
51 94 48
51 95 23
51 96 6
51 97 60
51 98 97
51 99 93
52 0 76
52 1 20
52 2 23
52 3 57
52 4 87
52 5 32
52 6 97
52 7 10
52 8 6
52 9 43
52 10 37
52 11 47
52 12 36
52 13 69
52 14 58
52 15 88
52 16 10
52 17 11
52 18 1
52 19 97
52 20 47
52 21 70
52 22 2
52 23 48
52 24 73
52 25 17
52 26 35
52 27 13
52 28 11
52 29 12
52 30 13
52 31 5
52 32 76
52 33 21
52 34 26
52 35 55
52 36 28
52 37 81
52 38 63
52 39 52
52 40 40
52 41 8
52 42 49
52 43 31
52 44 52
52 45 38
52 46 27
52 47 68
52 48 82
52 49 13
52 50 68
52 51 13
52 52 94
52 53 0
52 54 80
52 55 54
52 56 6
52 57 55
52 58 22
52 59 39
52 60 23
52 61 70
52 62 12
52 63 78
52 64 61
52 65 64
52 66 47
52 67 11
52 68 97
52 69 12
52 70 48
52 71 84
52 72 65
52 73 95
52 74 36
52 75 8
52 76 85
52 77 69
52 78 45
52 79 3
52 80 77
52 81 11
52 82 51
52 83 93
52 84 46
52 85 74
52 86 35
52 87 36
52 88 27
52 89 9
52 90 94
52 91 14
52 92 50
52 93 17
52 94 33
52 95 88
52 96 95
52 97 49
52 98 49
52 99 44
53 0 53
53 1 50
53 2 34
53 3 9
53 4 67
53 5 33
53 6 2
53 7 41
53 8 87
53 9 13
53 10 99
53 11 17
53 12 23
53 13 88
53 14 29
53 15 93
53 16 68
53 17 17
53 18 48
53 19 14
53 20 44
53 21 48
53 22 14
53 23 21
53 24 79
53 25 17
53 26 18
53 27 91
53 28 14
53 29 13
53 30 40
53 31 43
53 32 49
53 33 51
53 34 75
53 35 53
53 36 20
53 37 35
53 38 62
53 39 99
53 40 69
53 41 72
53 42 47
53 43 21
53 44 76
53 45 38
53 46 99
53 47 71
53 48 71
53 49 40
53 50 79
53 51 32
53 52 57
53 53 37
53 54 27
53 55 40
53 56 47
53 57 96
53 58 65
53 59 70
53 60 39
53 61 70
53 62 41
53 63 22
53 64 29
53 65 62
53 66 69
53 67 50
53 68 67
53 69 15
53 70 4
53 71 88
53 72 12
53 73 10
53 74 96
53 75 5
53 76 89
53 77 20
53 78 8
53 79 81
53 80 72
53 81 68
53 82 40
53 83 98
53 84 43
53 85 62
53 86 24
53 87 59
53 88 74
53 89 99
53 90 28
53 91 74
53 92 76
53 93 53
53 94 55
53 95 15
53 96 92
53 97 20
53 98 34
53 99 25
54 0 56
54 1 95
54 2 61
54 3 15
54 4 55
54 5 0
54 6 57
54 7 31
54 8 80
54 9 62
54 10 56
54 11 86
54 12 35
54 13 81
54 14 22
54 15 43
54 16 56
54 17 61
54 18 85
54 19 67
54 20 39
54 21 16
54 22 37
54 23 3
54 24 3
54 25 91
54 26 79
54 27 74
54 28 27
54 29 88
54 30 59
54 31 53
54 32 67
54 33 5
54 34 96
54 35 16
54 36 87
54 37 21
54 38 23
54 39 55
54 40 75
54 41 80
54 42 52
54 43 71
54 44 19
54 45 86
54 46 51
54 47 80
54 48 74
54 49 12
54 50 63
54 51 50
54 52 67
54 53 95
54 54 82
54 55 25
54 56 51
54 57 6
54 58 48
54 59 89
54 60 18
54 61 34
54 62 76
54 63 20
54 64 36
54 65 87
54 66 53
54 67 79
54 68 60
54 69 66
54 70 22
54 71 83
54 72 61
54 73 82
54 74 64
54 75 30
54 76 49
54 77 75
54 78 10
54 79 41
54 80 24
54 81 97
54 82 1
54 83 75
54 84 45
54 85 87
54 86 5
54 87 3
54 88 24
54 89 84
54 90 54
54 91 10
54 92 48
54 93 12
54 94 49
54 95 80
54 96 28
54 97 79
54 98 1
54 99 81
55 0 41
55 1 23
55 2 51
55 3 37
55 4 86
55 5 28
55 6 42
55 7 1
55 8 5
55 9 61
55 10 62
55 11 10
55 12 42
55 13 87
55 14 16
55 15 11
55 16 63
55 17 45
55 18 67
55 19 18
55 20 10
55 21 99
55 22 90
55 23 92
55 24 66
55 25 7
55 26 90
55 27 34
55 28 97
55 29 19
55 30 59
55 31 13
55 32 67
55 33 35
55 34 76
55 35 91
55 36 35
55 37 2
55 38 16
55 39 20
55 40 70
55 41 92
55 42 8
55 43 86
55 44 16
55 45 25
55 46 23
55 47 92
55 48 26
55 49 36
55 50 12
55 51 54
55 52 74
55 53 9
55 54 27
55 55 8
55 56 48
55 57 70
55 58 79
55 59 78
55 60 65
55 61 66
55 62 20
55 63 27
55 64 62
55 65 30
55 66 30
55 67 98
55 68 6
55 69 68
55 70 98
55 71 61
55 72 18
55 73 39
55 74 45
55 75 42
55 76 15
55 77 97
55 78 98
55 79 21
55 80 49
55 81 53
55 82 8
55 83 27
55 84 58
55 85 64
55 86 78
55 87 4
55 88 33
55 89 43
55 90 24
55 91 80
55 92 67
55 93 39
55 94 75
55 95 76
55 96 62
55 97 29
55 98 48
55 99 89
56 0 17
56 1 46
56 2 99
56 3 30
56 4 90
56 5 74
56 6 99
56 7 11
56 8 93
56 9 2
56 10 10
56 11 70
56 12 58
56 13 64
56 14 50
56 15 9
56 16 52
56 17 26
56 18 22
56 19 46
56 20 34
56 21 70
56 22 24
56 23 83
56 24 63
56 25 92
56 26 85
56 27 95
56 28 14
56 29 80
56 30 76
56 31 3
56 32 31
56 33 80
56 34 39
56 35 70
56 36 20
56 37 86
56 38 11
56 39 74
56 40 0
56 41 55
56 42 74
56 43 64
56 44 94
56 45 87
56 46 12
56 47 35
56 48 71
56 49 53
56 50 23
56 51 22
56 52 95
56 53 20
56 54 13
56 55 80
56 56 42
56 57 80
56 58 57
56 59 16
56 60 70
56 61 90
56 62 65
56 63 7
56 64 56
56 65 50
56 66 30
56 67 57
56 68 4
56 69 43
56 70 69
56 71 22
56 72 43
56 73 26
56 74 31
56 75 1
56 76 61
56 77 13
56 78 89
56 79 26
56 80 7
56 81 51
56 82 34
56 83 70
56 84 59
56 85 20
56 86 65
56 87 67
56 88 66
56 89 31
56 90 87
56 91 12
56 92 12
56 93 76
56 94 66
56 95 94
56 96 36
56 97 60
56 98 26
56 99 96
57 0 50
57 1 24
57 2 9
57 3 9
57 4 6
57 5 2
57 6 48
57 7 92
57 8 22
57 9 4
57 10 72
57 11 22
57 12 36
57 13 43
57 14 47
57 15 0
57 16 39
57 17 19
57 18 26
57 19 20
57 20 73
57 21 56
57 22 72
57 23 93
57 24 14
57 25 49
57 26 85
57 27 52
57 28 55
57 29 51
57 30 80
57 31 74
57 32 93
57 33 2
57 34 67
57 35 4
57 36 1
57 37 91
57 38 89
57 39 86
57 40 2
57 41 84
57 42 67
57 43 99
57 44 2
57 45 88
57 46 64
57 47 3
57 48 99
57 49 13
57 50 58
57 51 51
57 52 9
57 53 65
57 54 7
57 55 77
57 56 52
57 57 42
57 58 32
57 59 84
57 60 33
57 61 81
57 62 38
57 63 27
57 64 26
57 65 76
57 66 94
57 67 15
57 68 40
57 69 1
57 70 67
57 71 5
57 72 28
57 73 74
57 74 96
57 75 96
57 76 6
57 77 36
57 78 75
57 79 51
57 80 74
57 81 77
57 82 62
57 83 75
57 84 72
57 85 5
57 86 25
57 87 96
57 88 84
57 89 6
57 90 28
57 91 0
57 92 31
57 93 55
57 94 31
57 95 16
57 96 5
57 97 67
57 98 24
57 99 54
58 0 8
58 1 67
58 2 1
58 3 56
58 4 45
58 5 34
58 6 44
58 7 59
58 8 15
58 9 22
58 10 8
58 11 81
58 12 77
58 13 87
58 14 66
58 15 29
58 16 45
58 17 24
58 18 61
58 19 96
58 20 28
58 21 34
58 22 98
58 23 74
58 24 52
58 25 5
58 26 88
58 27 8
58 28 13
58 29 58
58 30 47
58 31 5
58 32 95
58 33 43
58 34 76
58 35 79
58 36 33
58 37 35
58 38 39
58 39 62
58 40 24
58 41 94
58 42 26
58 43 16
58 44 24
58 45 84
58 46 26
58 47 85
58 48 24
58 49 6
58 50 71
58 51 31
58 52 68
58 53 97
58 54 32
58 55 15
58 56 11
58 57 16
58 58 72
58 59 71
58 60 3
58 61 54
58 62 41
58 63 3
58 64 51
58 65 84
58 66 35
58 67 66
58 68 83
58 69 70
58 70 69
58 71 38
58 72 19
58 73 4
58 74 45
58 75 48
58 76 2
58 77 32
58 78 14
58 79 63
58 80 46
58 81 19
58 82 8
58 83 60
58 84 69
58 85 24
58 86 39
58 87 95
58 88 82
58 89 14
58 90 27
58 91 29
58 92 55
58 93 23
58 94 20
58 95 81
58 96 27
58 97 66
58 98 43
58 99 22
59 0 21
59 1 42
59 2 98
59 3 86
59 4 51
59 5 47
59 6 26
59 7 18
59 8 60
59 9 14
59 10 54
59 11 54
59 12 61
59 13 87
59 14 15
59 15 88
59 16 43
59 17 79
59 18 7
59 19 13
59 20 21
59 21 56
59 22 46
59 23 27
59 24 92
59 25 71
59 26 26
59 27 75
59 28 43
59 29 37
59 30 23
59 31 66
59 32 16
59 33 63
59 34 2
59 35 92
59 36 73
59 37 85
59 38 12
59 39 17
59 40 81
59 41 75
59 42 94
59 43 27
59 44 55
59 45 42
59 46 72
59 47 26
59 48 86
59 49 37
59 50 47
59 51 2
59 52 22
59 53 55
59 54 89
59 55 48
59 56 79
59 57 53
59 58 81
59 59 40
59 60 55
59 61 89
59 62 3
59 63 31
59 64 15
59 65 43
59 66 69
59 67 22
59 68 11
59 69 69
59 70 67
59 71 77
59 72 39
59 73 2
59 74 49
59 75 58
59 76 59
59 77 28
59 78 60
59 79 38
59 80 81
59 81 70
59 82 17
59 83 51
59 84 2
59 85 77
59 86 2
59 87 48
59 88 79
59 89 39
59 90 54
59 91 90
59 92 88
59 93 86
59 94 68
59 95 95
59 96 96
59 97 27
59 98 10
59 99 85
60 0 71
60 1 83
60 2 76
60 3 22
60 4 80
60 5 60
60 6 45
60 7 31
60 8 13
60 9 41
60 10 79
60 11 16
60 12 45
60 13 59
60 14 72
60 15 65
60 16 50
60 17 36
60 18 64
60 19 51
60 20 90
60 21 45
60 22 85
60 23 87
60 24 20
60 25 53
60 26 93
60 27 64
60 28 0
60 29 54
60 30 79
60 31 9
60 32 43
60 33 55
60 34 51
60 35 41
60 36 92
60 37 96
60 38 4
60 39 66
60 40 77
60 41 85
60 42 76
60 43 72
60 44 18
60 45 76
60 46 71
60 47 15
60 48 21
60 49 70
60 50 28
60 51 46
60 52 73
60 53 60
60 54 46
60 55 48
60 56 85
60 57 56
60 58 38
60 59 77
60 60 86
60 61 57
60 62 19
60 63 45
60 64 93
60 65 21
60 66 22
60 67 76
60 68 0
60 69 63
60 70 31
60 71 82
60 72 35
60 73 92
60 74 43
60 75 19
60 76 23
60 77 52
60 78 44
60 79 59
60 80 47
60 81 57
60 82 64
60 83 48
60 84 95
60 85 32
60 86 40
60 87 17
60 88 70
60 89 24
60 90 80
60 91 31
60 92 63
60 93 59
60 94 57
60 95 30
60 96 84
60 97 69
60 98 68
60 99 62
61 0 44
61 1 12
61 2 95
61 3 16
61 4 40
61 5 27
61 6 17
61 7 32
61 8 85
61 9 99
61 10 57
61 11 43
61 12 24
61 13 35
61 14 27
61 15 73
61 16 82
61 17 8
61 18 37
61 19 49
61 20 35
61 21 41
61 22 2
61 23 61
61 24 87
61 25 30
61 26 26
61 27 25
61 28 4
61 29 31
61 30 54
61 31 44
61 32 32
61 33 96
61 34 94
61 35 88
61 36 14
61 37 40
61 38 37
61 39 76
61 40 67
61 41 30
61 42 11
61 43 93
61 44 92
61 45 74
61 46 34
61 47 10
61 48 43
61 49 77
61 50 68
61 51 5
61 52 32
61 53 71
61 54 21
61 55 43
61 56 97
61 57 14
61 58 38
61 59 71
61 60 82
61 61 3
61 62 74
61 63 56
61 64 31
61 65 55
61 66 29
61 67 18
61 68 43
61 69 24
61 70 71
61 71 70
61 72 3
61 73 29
61 74 70
61 75 29
61 76 64
61 77 13
61 78 20
61 79 74
61 80 25
61 81 22
61 82 84
61 83 5
61 84 93
61 85 35
61 86 80
61 87 69
61 88 66
61 89 60
61 90 33
61 91 71
61 92 68
61 93 70
61 94 55
61 95 53
61 96 90
61 97 91
61 98 12
61 99 45
62 0 70
62 1 3
62 2 52
62 3 38
62 4 18
62 5 59
62 6 70
62 7 25
62 8 66
62 9 59
62 10 38
62 11 89
62 12 58
62 13 76
62 14 71
62 15 61
62 16 67
62 17 91
62 18 60
62 19 20
62 20 70
62 21 19
62 22 28
62 23 15
62 24 0
62 25 46
62 26 42
62 27 63
62 28 84
62 29 3
62 30 27
62 31 2
62 32 63
62 33 22
62 34 11
62 35 60
62 36 83
62 37 89
62 38 83
62 39 75
62 40 76
62 41 46
62 42 55
62 43 8
62 44 59
62 45 74
62 46 15
62 47 45
62 48 17
62 49 72
62 50 20
62 51 75
62 52 52
62 53 40
62 54 84
62 55 17
62 56 13
62 57 88
62 58 18
62 59 23
62 60 98
62 61 37
62 62 29
62 63 69
62 64 74
62 65 87
62 66 41
62 67 92
62 68 52
62 69 50
62 70 85
62 71 68
62 72 13
62 73 89
62 74 87
62 75 77
62 76 3
62 77 81
62 78 85
62 79 48
62 80 82
62 81 51
62 82 16
62 83 66
62 84 89
62 85 99
62 86 56
62 87 23
62 88 75
62 89 64
62 90 56
62 91 72
62 92 36
62 93 5
62 94 36
62 95 2
62 96 44
62 97 47
62 98 53
62 99 71
63 0 50
63 1 47
63 2 28
63 3 76
63 4 85
63 5 31
63 6 27
63 7 18
63 8 68
63 9 44
63 10 5
63 11 36
63 12 96
63 13 22
63 14 25
63 15 73
63 16 1
63 17 15
63 18 67
63 19 29
63 20 34
63 21 35
63 22 83
63 23 86
63 24 61
63 25 28
63 26 31
63 27 1
63 28 39
63 29 19
63 30 55
63 31 92
63 32 76
63 33 79
63 34 52
63 35 79
63 36 24
63 37 66
63 38 58
63 39 7
63 40 99
63 41 80
63 42 67
63 43 11
63 44 7
63 45 46
63 46 10
63 47 5
63 48 11
63 49 48
63 50 33
63 51 45
63 52 30
63 53 3
63 54 43
63 55 57
63 56 22
63 57 38
63 58 33
63 59 25
63 60 69
63 61 57
63 62 88
63 63 16
63 64 71
63 65 39
63 66 4
63 67 28
63 68 55
63 69 41
63 70 65
63 71 30
63 72 19
63 73 48
63 74 55
63 75 17
63 76 13
63 77 52
63 78 44
63 79 81
63 80 60
63 81 92
63 82 29
63 83 25
63 84 80
63 85 37
63 86 81
63 87 34
63 88 3
63 89 94
63 90 0
63 91 11
63 92 53
63 93 31
63 94 15
63 95 53
63 96 43
63 97 74
63 98 70
63 99 29
64 0 24
64 1 12
64 2 95
64 3 85
64 4 53
64 5 85
64 6 21
64 7 68
64 8 67
64 9 26
64 10 22
64 11 85
64 12 24
64 13 88
64 14 81
64 15 90
64 16 62
64 17 90
64 18 0
64 19 84
64 20 60
64 21 29
64 22 22
64 23 99
64 24 35
64 25 23
64 26 77
64 27 41
64 28 0
64 29 49
64 30 84
64 31 60
64 32 21
64 33 15
64 34 84
64 35 51
64 36 65
64 37 46
64 38 37
64 39 62
64 40 10
64 41 2
64 42 76
64 43 86
64 44 58
64 45 46
64 46 59
64 47 40
64 48 78
64 49 88
64 50 57
64 51 79
64 52 28
64 53 6
64 54 24
64 55 45
64 56 91
64 57 11
64 58 65
64 59 63
64 60 69
64 61 96
64 62 3
64 63 81
64 64 25
64 65 86
64 66 53
64 67 13
64 68 10
64 69 44
64 70 70
64 71 60
64 72 49
64 73 62
64 74 39
64 75 79
64 76 27
64 77 34
64 78 0
64 79 55
64 80 27
64 81 0
64 82 83
64 83 64
64 84 27
64 85 38
64 86 58
64 87 41
64 88 41
64 89 49
64 90 40
64 91 52
64 92 31
64 93 18
64 94 40
64 95 6
64 96 68
64 97 9
64 98 33
64 99 93
65 0 77
65 1 3
65 2 6
65 3 18
65 4 15
65 5 32
65 6 98
65 7 72
65 8 46
65 9 7
65 10 24
65 11 67
65 12 97
65 13 51
65 14 38
65 15 70
65 16 79
65 17 32
65 18 24
65 19 86
65 20 94
65 21 83
65 22 21
65 23 3
65 24 77
65 25 95
65 26 73
65 27 81
65 28 94
65 29 60
65 30 29
65 31 1
65 32 58
65 33 6
65 34 91
65 35 80
65 36 3
65 37 55
65 38 54
65 39 69
65 40 53
65 41 82
65 42 35
65 43 23
65 44 60
65 45 55
65 46 27
65 47 89
65 48 66
65 49 1
65 50 18
65 51 61
65 52 44
65 53 39
65 54 32
65 55 84
65 56 68
65 57 40
65 58 35
65 59 63
65 60 27
65 61 51
65 62 80
65 63 89
65 64 36
65 65 57
65 66 67
65 67 45
65 68 42
65 69 6
65 70 30
65 71 39
65 72 6
65 73 38
65 74 21
65 75 8
65 76 97
65 77 70
65 78 26
65 79 73
65 80 72
65 81 36
65 82 32
65 83 34
65 84 85
65 85 19
65 86 58
65 87 19
65 88 0
65 89 85
65 90 82
65 91 12
65 92 31
65 93 26
65 94 14
65 95 7
65 96 92
65 97 45
65 98 72
65 99 91
66 0 61
66 1 79
66 2 18
66 3 29
66 4 53
66 5 0
66 6 18
66 7 54
66 8 78
66 9 2
66 10 53
66 11 59
66 12 95
66 13 98
66 14 2
66 15 52
66 16 72
66 17 34
66 18 14
66 19 93
66 20 4
66 21 45
66 22 22
66 23 88
66 24 39
66 25 65
66 26 40
66 27 93
66 28 78
66 29 62
66 30 51
66 31 0
66 32 33
66 33 17
66 34 39
66 35 55
66 36 79
66 37 36
66 38 98
66 39 36
66 40 17
66 41 49
66 42 46
66 43 14
66 44 45
66 45 38
66 46 43
66 47 41
66 48 85
66 49 88
66 50 72
66 51 41
66 52 81
66 53 9
66 54 42
66 55 3
66 56 14
66 57 28
66 58 74
66 59 86
66 60 5
66 61 19
66 62 20
66 63 68
66 64 40
66 65 11
66 66 28
66 67 66
66 68 64
66 69 89
66 70 57
66 71 76
66 72 77
66 73 30
66 74 53
66 75 94
66 76 74
66 77 13
66 78 29
66 79 91
66 80 45
66 81 56
66 82 97
66 83 11
66 84 19
66 85 84
66 86 96
66 87 80
66 88 28
66 89 63
66 90 74
66 91 34
66 92 58
66 93 37
66 94 79
66 95 69
66 96 44
66 97 3
66 98 42
66 99 57
67 0 44
67 1 3
67 2 26
67 3 24
67 4 2
67 5 88
67 6 9
67 7 44
67 8 44
67 9 47
67 10 78
67 11 15
67 12 6
67 13 56
67 14 53
67 15 67
67 16 57
67 17 90
67 18 22
67 19 16
67 20 89
67 21 6
67 22 58
67 23 42
67 24 73
67 25 11
67 26 48
67 27 65
67 28 72
67 29 4
67 30 48
67 31 0
67 32 58
67 33 91
67 34 95
67 35 49
67 36 64
67 37 81
67 38 38
67 39 90
67 40 49
67 41 27
67 42 68
67 43 85
67 44 22
67 45 71
67 46 94
67 47 54
67 48 28
67 49 17
67 50 86
67 51 59
67 52 73
67 53 89
67 54 54
67 55 81
67 56 81
67 57 70
67 58 47
67 59 54
67 60 56
67 61 98
67 62 70
67 63 63
67 64 11
67 65 16
67 66 94
67 67 66
67 68 15
67 69 44
67 70 89
67 71 47
67 72 53
67 73 97
67 74 5
67 75 84
67 76 75
67 77 9
67 78 59
67 79 51
67 80 44
67 81 38
67 82 2
67 83 28
67 84 52
67 85 96
67 86 9
67 87 59
67 88 23
67 89 1
67 90 0
67 91 65
67 92 29
67 93 84
67 94 21
67 95 15
67 96 74
67 97 39
67 98 41
67 99 9
68 0 68
68 1 0
68 2 93
68 3 96
68 4 38
68 5 2
68 6 42
68 7 50
68 8 95
68 9 62
68 10 29
68 11 3
68 12 8
68 13 84
68 14 28
68 15 9
68 16 27
68 17 80
68 18 23
68 19 65
68 20 35
68 21 5
68 22 14
68 23 73
68 24 81
68 25 12
68 26 53
68 27 67
68 28 88
68 29 20
68 30 58
68 31 96
68 32 33
68 33 75
68 34 62
68 35 31
68 36 25
68 37 2
68 38 75
68 39 73
68 40 21
68 41 17
68 42 78
68 43 76
68 44 33
68 45 5
68 46 90
68 47 88
68 48 69
68 49 55
68 50 49
68 51 34
68 52 96
68 53 49
68 54 11
68 55 21
68 56 34
68 57 13
68 58 76
68 59 15
68 60 65
68 61 38
68 62 42
68 63 88
68 64 64
68 65 68
68 66 97
68 67 47
68 68 5
68 69 56
68 70 52
68 71 38
68 72 13
68 73 52
68 74 17
68 75 96
68 76 71
68 77 77
68 78 73
68 79 50
68 80 6
68 81 38
68 82 46
68 83 78
68 84 95
68 85 70
68 86 73
68 87 8
68 88 59
68 89 63
68 90 60
68 91 16
68 92 97
68 93 70
68 94 9
68 95 93
68 96 92
68 97 95
68 98 1
68 99 16
69 0 64
69 1 72
69 2 21
69 3 84
69 4 68
69 5 38
69 6 19
69 7 58
69 8 57
69 9 73
69 10 53
69 11 31
69 12 14
69 13 82
69 14 14
69 15 17
69 16 28
69 17 87
69 18 74
69 19 91
69 20 11
69 21 90
69 22 1
69 23 60
69 24 95
69 25 75
69 26 91
69 27 15
69 28 45
69 29 4
69 30 51
69 31 74
69 32 23
69 33 24
69 34 6
69 35 85
69 36 56
69 37 19
69 38 63
69 39 75
69 40 64
69 41 12
69 42 94
69 43 90
69 44 69
69 45 21
69 46 42
69 47 24
69 48 38
69 49 73
69 50 4
69 51 98
69 52 77
69 53 90
69 54 58
69 55 77
69 56 7
69 57 1
69 58 52
69 59 97
69 60 7
69 61 83
69 62 2
69 63 94
69 64 34
69 65 85
69 66 15
69 67 11
69 68 91
69 69 15
69 70 94
69 71 45
69 72 64
69 73 39
69 74 20
69 75 8
69 76 31
69 77 12
69 78 17
69 79 30
69 80 2
69 81 72
69 82 56
69 83 48
69 84 74
69 85 3
69 86 27
69 87 87
69 88 3
69 89 42
69 90 76
69 91 56
69 92 23
69 93 51
69 94 79
69 95 63
69 96 16
69 97 37
69 98 51
69 99 15
70 0 12
70 1 42
70 2 47
70 3 2
70 4 64
70 5 50
70 6 66
70 7 29
70 8 9
70 9 36
70 10 8
70 11 35
70 12 11
70 13 27
70 14 22
70 15 51
70 16 55
70 17 97
70 18 21
70 19 44
70 20 85
70 21 59
70 22 94
70 23 12
70 24 87
70 25 10
70 26 41
70 27 49
70 28 26
70 29 32
70 30 48
70 31 93
70 32 39
70 33 97
70 34 2
70 35 94
70 36 97
70 37 28
70 38 18
70 39 25
70 40 45
70 41 31
70 42 2
70 43 35
70 44 46
70 45 10
70 46 94
70 47 45
70 48 41
70 49 12
70 50 35
70 51 22
70 52 82
70 53 67
70 54 8
70 55 61
70 56 81
70 57 3
70 58 76
70 59 25
70 60 99
70 61 81
70 62 88
70 63 16
70 64 0
70 65 26
70 66 0
70 67 87
70 68 62
70 69 29
70 70 98
70 71 44
70 72 89
70 73 55
70 74 32
70 75 99
70 76 83
70 77 62
70 78 64
70 79 19
70 80 83
70 81 1
70 82 73
70 83 29
70 84 49
70 85 75
70 86 48
70 87 42
70 88 84
70 89 86
70 90 77
70 91 30
70 92 37
70 93 17
70 94 64
70 95 98
70 96 71
70 97 2
70 98 64
70 99 3
71 0 5
71 1 50
71 2 64
71 3 41
71 4 88
71 5 78
71 6 37
71 7 22
71 8 62
71 9 79
71 10 0
71 11 89
71 12 8
71 13 50
71 14 12
71 15 79
71 16 19
71 17 2
71 18 60
71 19 57
71 20 48
71 21 39
71 22 87
71 23 40
71 24 49
71 25 0
71 26 89
71 27 69
71 28 13
71 29 85
71 30 83
71 31 29
71 32 31
71 33 15
71 34 42
71 35 45
71 36 10
71 37 34
71 38 29
71 39 4
71 40 82
71 41 64
71 42 53
71 43 34
71 44 70
71 45 88
71 46 72
71 47 42
71 48 96
71 49 82
71 50 98
71 51 64
71 52 85
71 53 51
71 54 46
71 55 12
71 56 62
71 57 72
71 58 1
71 59 2
71 60 44
71 61 31
71 62 48
71 63 10
71 64 99
71 65 87
71 66 29
71 67 44
71 68 95
71 69 34
71 70 37
71 71 98
71 72 52
71 73 26
71 74 9
71 75 44
71 76 89
71 77 7
71 78 23
71 79 49
71 80 3
71 81 43
71 82 95
71 83 32
71 84 72
71 85 52
71 86 35
71 87 8
71 88 18
71 89 60
71 90 65
71 91 36
71 92 62
71 93 0
71 94 68
71 95 12
71 96 71
71 97 63
71 98 41
71 99 10
72 0 80
72 1 5
72 2 44
72 3 39
72 4 19
72 5 32
72 6 55
72 7 97
72 8 75
72 9 99
72 10 63
72 11 12
72 12 29
72 13 10
72 14 27
72 15 88
72 16 23
72 17 91
72 18 30
72 19 34
72 20 46
72 21 90
72 22 13
72 23 49
72 24 26
72 25 5
72 26 73
72 27 89
72 28 24
72 29 26
72 30 43
72 31 67
72 32 55
72 33 13
72 34 87
72 35 7
72 36 12
72 37 22
72 38 30
72 39 73
72 40 1
72 41 97
72 42 56
72 43 20
72 44 30
72 45 38
72 46 2
72 47 54
72 48 72
72 49 48
72 50 14
72 51 58
72 52 73
72 53 90
72 54 77
72 55 83
72 56 56
72 57 60
72 58 46
72 59 81
72 60 21
72 61 32
72 62 65
72 63 6
72 64 94
72 65 65
72 66 9
72 67 3
72 68 59
72 69 78
72 70 79
72 71 2
72 72 76
72 73 63
72 74 57
72 75 40
72 76 9
72 77 32
72 78 60
72 79 16
72 80 66
72 81 23
72 82 75
72 83 34
72 84 52
72 85 49
72 86 32
72 87 15
72 88 16
72 89 78
72 90 4
72 91 90
72 92 52
72 93 71
72 94 39
72 95 32
72 96 72
72 97 16
72 98 42
72 99 49
73 0 0
73 1 33
73 2 10
73 3 63
73 4 95
73 5 10
73 6 10
73 7 92
73 8 35
73 9 72
73 10 93
73 11 67
73 12 88
73 13 44
73 14 41
73 15 24
73 16 95
73 17 83
73 18 20
73 19 89
73 20 7
73 21 48
73 22 41
73 23 2
73 24 22
73 25 37
73 26 99
73 27 93
73 28 93
73 29 92
73 30 59
73 31 99
73 32 10
73 33 62
73 34 56
73 35 51
73 36 22
73 37 47
73 38 52
73 39 36
73 40 12
73 41 89
73 42 13
73 43 67
73 44 37
73 45 76
73 46 81
73 47 67
73 48 46
73 49 87
73 50 68
73 51 76
73 52 31
73 53 80
73 54 93
73 55 4
73 56 26
73 57 50
73 58 32
73 59 65
73 60 57
73 61 48
73 62 75
73 63 61
73 64 37
73 65 47
73 66 55
73 67 3
73 68 13
73 69 64
73 70 66
73 71 73
73 72 87
73 73 16
73 74 51
73 75 55
73 76 58
73 77 57
73 78 91
73 79 88
73 80 88
73 81 93
73 82 7
73 83 74
73 84 42
73 85 24
73 86 39
73 87 16
73 88 50
73 89 71
73 90 81
73 91 75
73 92 57
73 93 28
73 94 31
73 95 65
73 96 71
73 97 72
73 98 16
73 99 90
74 0 72
74 1 63
74 2 77
74 3 14
74 4 93
74 5 92
74 6 61
74 7 61
74 8 24
74 9 44
74 10 9
74 11 61
74 12 73
74 13 99
74 14 38
74 15 5
74 16 91
74 17 98
74 18 39
74 19 71
74 20 23
74 21 59
74 22 96
74 23 40
74 24 51
74 25 48
74 26 42
74 27 65
74 28 58
74 29 62
74 30 26
74 31 22
74 32 84
74 33 30
74 34 4
74 35 68
74 36 86
74 37 77
74 38 77
74 39 51
74 40 92
74 41 14
74 42 14
74 43 20
74 44 47
74 45 62
74 46 86
74 47 10
74 48 78
74 49 12
74 50 18
74 51 40
74 52 4
74 53 95
74 54 83
74 55 36
74 56 97
74 57 95
74 58 48
74 59 76
74 60 7
74 61 76
74 62 79
74 63 9
74 64 35
74 65 3
74 66 51
74 67 37
74 68 37
74 69 88
74 70 65
74 71 26
74 72 49
74 73 1
74 74 87
74 75 17
74 76 28
74 77 68
74 78 97
74 79 17
74 80 87
74 81 76
74 82 11
74 83 31
74 84 86
74 85 38
74 86 60
74 87 71
74 88 94
74 89 27
74 90 10
74 91 87
74 92 97
74 93 3
74 94 86
74 95 48
74 96 19
74 97 56
74 98 99
74 99 43
75 0 79
75 1 77
75 2 91
75 3 65
75 4 67
75 5 19
75 6 30
75 7 58
75 8 53
75 9 57
75 10 88
75 11 65
75 12 22
75 13 20
75 14 18
75 15 21
75 16 21
75 17 33
75 18 65
75 19 9
75 20 70
75 21 63
75 22 87
75 23 20
75 24 61
75 25 31
75 26 26
75 27 55
75 28 27
75 29 71
75 30 99
75 31 49
75 32 88
75 33 39
75 34 60
75 35 50
75 36 74
75 37 78
75 38 87
75 39 29
75 40 65
75 41 16
75 42 95
75 43 35
75 44 48
75 45 90
75 46 76
75 47 49
75 48 97
75 49 80
75 50 7
75 51 1
75 52 29
75 53 35
75 54 60
75 55 65
75 56 91
75 57 35
75 58 73
75 59 74
75 60 19
75 61 10
75 62 8
75 63 12
75 64 35
75 65 75
75 66 60
75 67 95
75 68 86
75 69 39
75 70 53
75 71 13
75 72 65
75 73 58
75 74 38
75 75 76
75 76 11
75 77 8
75 78 36
75 79 71
75 80 85
75 81 82
75 82 30
75 83 80
75 84 39
75 85 47
75 86 0
75 87 62
75 88 50
75 89 63
75 90 5
75 91 45
75 92 31
75 93 83
75 94 29
75 95 94
75 96 65
75 97 56
75 98 19
75 99 17
76 0 59
76 1 3
76 2 16
76 3 15
76 4 73
76 5 90
76 6 25
76 7 73
76 8 73
76 9 69
76 10 99
76 11 99
76 12 37
76 13 55
76 14 6
76 15 50
76 16 41
76 17 63
76 18 71
76 19 97
76 20 63
76 21 88
76 22 3
76 23 83
76 24 60
76 25 97
76 26 38
76 27 97
76 28 41
76 29 67
76 30 33
76 31 60
76 32 98
76 33 49
76 34 80
76 35 21
76 36 80
76 37 73
76 38 56
76 39 85
76 40 77
76 41 76
76 42 68
76 43 10
76 44 15
76 45 85
76 46 11
76 47 95
76 48 81
76 49 35
76 50 42
76 51 0
76 52 66
76 53 46
76 54 20
76 55 17
76 56 92
76 57 31
76 58 28
76 59 61
76 60 84
76 61 48
76 62 50
76 63 84
76 64 50
76 65 0
76 66 63
76 67 65
76 68 27
76 69 87
76 70 10
76 71 62
76 72 27
76 73 39
76 74 52
76 75 51
76 76 49
76 77 77
76 78 76
76 79 82
76 80 37
76 81 35
76 82 56
76 83 26
76 84 38
76 85 56
76 86 42
76 87 47
76 88 61
76 89 15
76 90 74
76 91 8
76 92 6
76 93 94
76 94 81
76 95 36
76 96 78
76 97 90
76 98 10
76 99 39
77 0 10
77 1 11
77 2 1
77 3 30
77 4 35
77 5 1
77 6 90
77 7 6
77 8 3
77 9 65
77 10 95
77 11 85
77 12 4
77 13 84
77 14 82
77 15 7
77 16 36
77 17 11
77 18 78
77 19 12
77 20 38
77 21 8
77 22 21
77 23 40
77 24 95
77 25 37
77 26 92
77 27 89
77 28 44
77 29 57
77 30 67
77 31 97
77 32 32
77 33 81
77 34 79
77 35 11
77 36 2
77 37 25
77 38 30
77 39 43
77 40 3
77 41 53
77 42 43
77 43 90
77 44 10
77 45 92
77 46 75
77 47 60
77 48 4
77 49 6
77 50 76
77 51 74
77 52 3
77 53 46
77 54 8
77 55 24
77 56 14
77 57 58
77 58 13
77 59 31
77 60 16
77 61 87
77 62 53
77 63 9
77 64 62
77 65 54
77 66 2
77 67 53
77 68 58
77 69 9
77 70 65
77 71 99
77 72 71
77 73 24
77 74 87
77 75 42
77 76 83
77 77 96
77 78 4
77 79 56
77 80 1
77 81 46
77 82 39
77 83 51
77 84 8
77 85 45
77 86 83
77 87 96
77 88 68
77 89 88
77 90 46
77 91 2
77 92 20
77 93 95
77 94 85
77 95 18
77 96 96
77 97 57
77 98 72
77 99 14
78 0 33
78 1 16
78 2 42
78 3 89
78 4 39
78 5 35
78 6 44
78 7 20
78 8 0
78 9 48
78 10 39
78 11 43
78 12 4
78 13 34
78 14 53
78 15 32
78 16 73
78 17 96
78 18 39
78 19 41
78 20 12
78 21 56
78 22 97
78 23 73
78 24 33
78 25 85
78 26 10
78 27 32
78 28 89
78 29 71
78 30 26
78 31 76
78 32 90
78 33 86
78 34 58
78 35 81
78 36 45
78 37 9
78 38 3
78 39 78
78 40 11
78 41 52
78 42 27
78 43 90
78 44 5
78 45 31
78 46 53
78 47 40
78 48 51
78 49 5
78 50 20
78 51 86
78 52 63
78 53 46
78 54 75
78 55 18
78 56 16
78 57 64
78 58 40
78 59 20
78 60 10
78 61 72
78 62 88
78 63 36
78 64 37
78 65 47
78 66 48
78 67 24
78 68 71
78 69 87
78 70 86
78 71 42
78 72 14
78 73 13
78 74 53
78 75 32
78 76 15
78 77 8
78 78 30
78 79 21
78 80 0
78 81 47
78 82 92
78 83 47
78 84 1
78 85 25
78 86 89
78 87 27
78 88 92
78 89 90
78 90 88
78 91 57
78 92 50
78 93 7
78 94 82
78 95 74
78 96 54
78 97 23
78 98 56
78 99 25
79 0 73
79 1 20
79 2 70
79 3 21
79 4 8
79 5 25
79 6 48
79 7 21
79 8 43
79 9 18
79 10 18
79 11 25
79 12 70
79 13 14
79 14 13
79 15 61
79 16 94
79 17 78
79 18 29
79 19 68
79 20 45
79 21 98
79 22 62
79 23 11
79 24 83
79 25 61
79 26 80
79 27 90
79 28 50
79 29 86
79 30 79
79 31 36
79 32 89
79 33 61
79 34 43
79 35 54
79 36 33
79 37 69
79 38 37
79 39 49
79 40 32
79 41 4
79 42 43
79 43 21
79 44 32
79 45 86
79 46 87
79 47 19
79 48 33
79 49 0
79 50 88
79 51 51
79 52 35
79 53 84
79 54 20
79 55 31
79 56 35
79 57 21
79 58 58
79 59 75
79 60 79
79 61 52
79 62 68
79 63 89
79 64 33
79 65 10
79 66 37
79 67 43
79 68 37
79 69 62
79 70 34
79 71 25
79 72 28
79 73 83
79 74 94
79 75 69
79 76 46
79 77 11
79 78 77
79 79 21
79 80 63
79 81 0
79 82 17
79 83 54
79 84 86
79 85 68
79 86 60
79 87 28
79 88 54
79 89 72
79 90 67
79 91 95
79 92 91
79 93 33
79 94 44
79 95 37
79 96 37
79 97 46
79 98 84
79 99 62
80 0 56
80 1 58
80 2 10
80 3 0
80 4 53
80 5 15
80 6 79
80 7 45
80 8 44
80 9 77
80 10 67
80 11 43
80 12 23
80 13 77
80 14 86
80 15 39
80 16 22
80 17 90
80 18 30
80 19 62
80 20 93
80 21 57
80 22 5
80 23 68
80 24 45
80 25 13
80 26 70
80 27 43
80 28 74
80 29 77
80 30 47
80 31 48
80 32 95
80 33 43
80 34 34
80 35 70
80 36 63
80 37 39
80 38 7
80 39 84
80 40 71
80 41 56
80 42 18
80 43 78
80 44 14
80 45 91
80 46 2
80 47 20
80 48 84
80 49 66
80 50 37
80 51 57
80 52 0
80 53 0
80 54 7
80 55 38
80 56 37
80 57 96
80 58 26
80 59 27
80 60 8
80 61 12
80 62 88
80 63 73
80 64 65
80 65 43
80 66 21
80 67 79
80 68 47
80 69 63
80 70 68
80 71 99
80 72 37
80 73 56
80 74 17
80 75 29
80 76 92
80 77 8
80 78 96
80 79 5
80 80 95
80 81 4
80 82 17
80 83 42
80 84 43
80 85 51
80 86 56
80 87 19
80 88 75
80 89 74
80 90 69
80 91 26
80 92 51
80 93 19
80 94 86
80 95 57
80 96 61
80 97 80
80 98 52
80 99 32
81 0 33
81 1 4
81 2 66
81 3 38
81 4 80
81 5 70
81 6 28
81 7 88
81 8 84
81 9 42
81 10 90
81 11 12
81 12 15
81 13 44
81 14 91
81 15 11
81 16 25
81 17 96
81 18 29
81 19 5
81 20 91
81 21 63
81 22 22
81 23 31
81 24 34
81 25 85
81 26 12
81 27 95
81 28 57
81 29 24
81 30 10
81 31 16
81 32 17
81 33 38
81 34 27
81 35 25
81 36 27
81 37 44
81 38 4
81 39 55
81 40 87
81 41 29
81 42 38
81 43 43
81 44 84
81 45 46
81 46 46
81 47 95
81 48 71
81 49 83
81 50 79
81 51 13
81 52 58
81 53 15
81 54 90
81 55 6
81 56 38
81 57 18
81 58 63
81 59 80
81 60 96
81 61 5
81 62 79
81 63 43
81 64 6
81 65 48
81 66 94
81 67 99
81 68 22
81 69 47
81 70 69
81 71 47
81 72 77
81 73 46
81 74 70
81 75 91
81 76 2
81 77 10
81 78 55
81 79 27
81 80 96
81 81 73
81 82 84
81 83 7
81 84 46
81 85 43
81 86 48
81 87 39
81 88 47
81 89 67
81 90 72
81 91 52
81 92 83
81 93 17
81 94 72
81 95 26
81 96 33
81 97 34
81 98 38
81 99 30
82 0 65
82 1 7
82 2 69
82 3 59
82 4 49
82 5 84
82 6 76
82 7 48
82 8 53
82 9 8
82 10 61
82 11 61
82 12 9
82 13 45
82 14 13
82 15 35
82 16 77
82 17 25
82 18 4
82 19 63
82 20 36
82 21 64
82 22 93
82 23 27
82 24 80
82 25 90
82 26 96
82 27 96
82 28 41
82 29 82
82 30 29
82 31 80
82 32 56
82 33 88
82 34 74
82 35 92
82 36 44
82 37 16
82 38 17
82 39 54
82 40 22
82 41 4
82 42 12
82 43 72
82 44 94
82 45 88
82 46 10
82 47 48
82 48 30
82 49 18
82 50 67
82 51 69
82 52 62
82 53 40
82 54 79
82 55 65
82 56 5
82 57 43
82 58 83
82 59 53
82 60 31
82 61 13
82 62 61
82 63 46
82 64 48
82 65 47
82 66 52
82 67 4
82 68 22
82 69 81
82 70 85
82 71 40
82 72 87
82 73 86
82 74 45
82 75 72
82 76 23
82 77 34
82 78 59
82 79 40
82 80 85
82 81 11
82 82 84
82 83 21
82 84 68
82 85 12
82 86 58
82 87 1
82 88 32
82 89 7
82 90 78
82 91 2
82 92 75
82 93 77
82 94 80
82 95 47
82 96 4
82 97 78
82 98 26
82 99 69
83 0 90
83 1 68
83 2 48
83 3 19
83 4 78
83 5 62
83 6 79
83 7 10
83 8 91
83 9 38
83 10 99
83 11 25
83 12 78
83 13 14
83 14 20
83 15 36
83 16 55
83 17 7
83 18 58
83 19 36
83 20 99
83 21 88
83 22 49
83 23 65
83 24 64
83 25 10
83 26 28
83 27 45
83 28 75
83 29 34
83 30 96
83 31 2
83 32 29
83 33 33
83 34 78
83 35 11
83 36 98
83 37 9
83 38 15
83 39 25
83 40 3
83 41 92
83 42 32
83 43 16
83 44 26
83 45 68
83 46 74
83 47 9
83 48 55
83 49 34
83 50 98
83 51 34
83 52 65
83 53 85
83 54 71
83 55 32
83 56 52
83 57 84
83 58 90
83 59 2
83 60 75
83 61 40
83 62 83
83 63 64
83 64 19
83 65 47
83 66 22
83 67 80
83 68 47
83 69 9
83 70 84
83 71 89
83 72 14
83 73 49
83 74 85
83 75 8
83 76 75
83 77 74
83 78 70
83 79 40
83 80 72
83 81 64
83 82 8
83 83 63
83 84 59
83 85 18
83 86 4
83 87 15
83 88 28
83 89 25
83 90 94
83 91 23
83 92 71
83 93 22
83 94 6
83 95 53
83 96 15
83 97 95
83 98 22
83 99 86
84 0 42
84 1 75
84 2 50
84 3 62
84 4 29
84 5 17
84 6 37
84 7 67
84 8 31
84 9 22
84 10 9
84 11 65
84 12 41
84 13 98
84 14 67
84 15 10
84 16 47
84 17 34
84 18 20
84 19 48
84 20 23
84 21 24
84 22 80
84 23 4
84 24 32
84 25 98
84 26 18
84 27 99
84 28 18
84 29 36
84 30 0
84 31 16
84 32 65
84 33 64
84 34 70
84 35 29
84 36 4
84 37 55
84 38 41
84 39 39
84 40 89
84 41 46
84 42 67
84 43 1
84 44 30
84 45 36
84 46 82
84 47 40
84 48 54
84 49 55
84 50 20
84 51 61
84 52 43
84 53 63
84 54 56
84 55 36
84 56 76
84 57 66
84 58 26
84 59 86
84 60 52
84 61 78
84 62 6
84 63 31
84 64 10
84 65 26
84 66 15
84 67 37
84 68 50
84 69 27
84 70 86
84 71 9
84 72 57
84 73 16
84 74 62
84 75 27
84 76 37
84 77 49
84 78 82
84 79 21
84 80 69
84 81 32
84 82 80
84 83 57
84 84 17
84 85 34
84 86 86
84 87 32
84 88 97
84 89 56
84 90 26
84 91 28
84 92 32
84 93 15
84 94 82
84 95 19
84 96 55
84 97 2
84 98 18
84 99 34
85 0 56
85 1 15
85 2 94
85 3 64
85 4 35
85 5 94
85 6 52
85 7 79
85 8 4
85 9 1
85 10 92
85 11 93
85 12 15
85 13 81
85 14 3
85 15 5
85 16 88
85 17 34
85 18 17
85 19 57
85 20 86
85 21 98
85 22 23
85 23 27
85 24 95
85 25 16
85 26 37
85 27 92
85 28 58
85 29 1
85 30 14
85 31 9
85 32 54
85 33 8
85 34 46
85 35 82
85 36 71
85 37 74
85 38 93
85 39 2
85 40 84
85 41 61
85 42 18
85 43 12
85 44 28
85 45 66
85 46 61
85 47 83
85 48 17
85 49 82
85 50 71
85 51 33
85 52 50
85 53 78
85 54 48
85 55 18
85 56 13
85 57 91
85 58 88
85 59 25
85 60 42
85 61 77
85 62 3
85 63 57
85 64 95
85 65 9
85 66 46
85 67 13
85 68 46
85 69 14
85 70 16
85 71 38
85 72 48
85 73 64
85 74 45
85 75 25
85 76 24
85 77 75
85 78 19
85 79 85
85 80 76
85 81 79
85 82 90
85 83 92
85 84 72
85 85 26
85 86 38
85 87 70
85 88 21
85 89 48
85 90 13
85 91 88
85 92 28
85 93 84
85 94 90
85 95 78
85 96 28
85 97 47
85 98 98
85 99 62
86 0 6
86 1 76
86 2 61
86 3 93
86 4 61
86 5 39
86 6 69
86 7 25
86 8 79
86 9 56
86 10 12
86 11 91
86 12 88
86 13 89
86 14 44
86 15 4
86 16 49
86 17 92
86 18 92
86 19 14
86 20 80
86 21 83
86 22 69
86 23 19
86 24 98
86 25 72
86 26 2
86 27 84
86 28 97
86 29 33
86 30 58
86 31 69
86 32 53
86 33 50
86 34 21
86 35 31
86 36 11
86 37 58
86 38 82
86 39 4
86 40 58
86 41 49
86 42 4
86 43 91
86 44 6
86 45 99
86 46 87
86 47 59
86 48 54
86 49 91
86 50 46
86 51 18
86 52 57
86 53 58
86 54 64
86 55 6
86 56 6
86 57 35
86 58 96
86 59 28
86 60 65
86 61 49
86 62 45
86 63 98
86 64 18
86 65 87
86 66 3
86 67 90
86 68 69
86 69 56
86 70 72
86 71 58
86 72 96
86 73 70
86 74 96
86 75 27
86 76 90
86 77 66
86 78 88
86 79 74
86 80 4
86 81 2
86 82 29
86 83 94
86 84 38
86 85 72
86 86 61
86 87 95
86 88 82
86 89 83
86 90 83
86 91 25
86 92 37
86 93 27
86 94 97
86 95 8
86 96 85
86 97 98
86 98 27
86 99 44
87 0 88
87 1 34
87 2 51
87 3 98
87 4 28
87 5 11
87 6 75
87 7 78
87 8 11
87 9 89
87 10 91
87 11 85
87 12 33
87 13 31
87 14 80
87 15 70
87 16 48
87 17 95
87 18 86
87 19 92
87 20 8
87 21 62
87 22 83
87 23 67
87 24 37
87 25 96
87 26 1
87 27 4
87 28 70
87 29 5
87 30 26
87 31 16
87 32 32
87 33 23
87 34 6
87 35 82
87 36 36
87 37 60
87 38 98
87 39 76
87 40 82
87 41 12
87 42 12
87 43 99
87 44 31
87 45 65
87 46 4
87 47 19
87 48 66
87 49 19
87 50 86
87 51 30
87 52 63
87 53 3
87 54 69
87 55 79
87 56 40
87 57 87
87 58 52
87 59 50
87 60 26
87 61 7
87 62 4
87 63 7
87 64 52
87 65 92
87 66 43
87 67 32
87 68 75
87 69 17
87 70 72
87 71 14
87 72 43
87 73 57
87 74 27
87 75 2
87 76 37
87 77 64
87 78 72
87 79 52
87 80 54
87 81 25
87 82 68
87 83 9
87 84 75
87 85 29
87 86 80
87 87 43
87 88 27
87 89 1
87 90 75
87 91 22
87 92 19
87 93 76
87 94 59
87 95 52
87 96 89
87 97 96
87 98 24
87 99 28
88 0 82
88 1 15
88 2 25
88 3 27
88 4 61
88 5 81
88 6 60
88 7 80
88 8 39
88 9 76
88 10 92
88 11 50
88 12 61
88 13 37
88 14 10
88 15 29
88 16 45
88 17 82
88 18 21
88 19 94
88 20 54
88 21 66
88 22 7
88 23 76
88 24 79
88 25 32
88 26 66
88 27 63
88 28 79
88 29 92
88 30 63
88 31 44
88 32 95
88 33 28
88 34 30
88 35 63
88 36 77
88 37 83
88 38 55
88 39 18
88 40 90
88 41 36
88 42 45
88 43 71
88 44 94
88 45 78
88 46 50
88 47 38
88 48 27
88 49 49
88 50 71
88 51 77
88 52 84
88 53 85
88 54 78
88 55 39
88 56 65
88 57 58
88 58 62
88 59 0
88 60 73
88 61 83
88 62 30
88 63 94
88 64 31
88 65 65
88 66 39
88 67 47
88 68 31
88 69 52
88 70 71
88 71 31
88 72 72
88 73 14
88 74 95
88 75 25
88 76 43
88 77 32
88 78 77
88 79 55
88 80 43
88 81 26
88 82 63
88 83 50
88 84 66
88 85 22
88 86 21
88 87 44
88 88 9
88 89 80
88 90 65
88 91 56
88 92 64
88 93 22
88 94 86
88 95 84
88 96 7
88 97 18
88 98 50
88 99 62
89 0 42
89 1 51
89 2 70
89 3 49
89 4 83
89 5 73
89 6 80
89 7 64
89 8 77
89 9 32
89 10 59
89 11 93
89 12 83
89 13 20
89 14 44
89 15 36
89 16 28
89 17 94
89 18 92
89 19 15
89 20 71
89 21 65
89 22 63
89 23 38
89 24 36
89 25 16
89 26 91
89 27 32
89 28 66
89 29 64
89 30 81
89 31 28
89 32 75
89 33 66
89 34 22
89 35 14
89 36 13
89 37 69
89 38 14
89 39 66
89 40 31
89 41 50
89 42 52
89 43 68
89 44 49
89 45 45
89 46 50
89 47 11
89 48 9
89 49 85
89 50 79
89 51 43
89 52 80
89 53 41
89 54 58
89 55 14
89 56 68
89 57 70
89 58 45
89 59 22
89 60 8
89 61 61
89 62 8
89 63 17
89 64 97
89 65 45
89 66 12
89 67 3
89 68 4
89 69 98
89 70 33
89 71 37
89 72 3
89 73 33
89 74 60
89 75 23
89 76 93
89 77 92
89 78 38
89 79 99
89 80 70
89 81 70
89 82 50
89 83 34
89 84 82
89 85 48
89 86 36
89 87 56
89 88 97
89 89 87
89 90 44
89 91 40
89 92 17
89 93 62
89 94 26
89 95 38
89 96 49
89 97 25
89 98 65
89 99 92
90 0 48
90 1 0
90 2 28
90 3 64
90 4 78
90 5 42
90 6 63
90 7 24
90 8 85
90 9 17
90 10 63
90 11 69
90 12 50
90 13 78
90 14 56
90 15 82
90 16 19
90 17 42
90 18 21
90 19 25
90 20 3
90 21 20
90 22 72
90 23 36
90 24 10
90 25 68
90 26 27
90 27 22
90 28 27
90 29 53
90 30 51
90 31 97
90 32 99
90 33 19
90 34 35
90 35 39
90 36 35
90 37 48
90 38 13
90 39 9
90 40 30
90 41 32
90 42 77
90 43 12
90 44 11
90 45 36
90 46 75
90 47 12
90 48 74
90 49 75
90 50 16
90 51 84
90 52 45
90 53 53
90 54 17
90 55 83
90 56 53
90 57 73
90 58 40
90 59 33
90 60 31
90 61 2
90 62 91
90 63 81
90 64 2
90 65 83
90 66 87
90 67 11
90 68 63
90 69 92
90 70 85
90 71 83
90 72 77
90 73 17
90 74 1
90 75 28
90 76 23
90 77 69
90 78 89
90 79 8
90 80 87
90 81 11
90 82 81
90 83 41
90 84 12
90 85 57
90 86 54
90 87 45
90 88 72
90 89 47
90 90 84
90 91 71
90 92 96
90 93 36
90 94 17
90 95 9
90 96 70
90 97 68
90 98 27
90 99 27
91 0 22
91 1 9
91 2 45
91 3 98
91 4 53
91 5 4
91 6 87
91 7 62
91 8 22
91 9 84
91 10 84
91 11 10
91 12 98
91 13 39
91 14 49
91 15 13
91 16 52
91 17 28
91 18 21
91 19 98
91 20 22
91 21 20
91 22 3
91 23 97
91 24 31
91 25 26
91 26 49
91 27 33
91 28 25
91 29 55
91 30 11
91 31 75
91 32 3
91 33 4
91 34 92
91 35 93
91 36 49
91 37 53
91 38 53
91 39 21
91 40 97
91 41 58
91 42 10
91 43 85
91 44 3
91 45 65
91 46 68
91 47 27
91 48 24
91 49 27
91 50 4
91 51 17
91 52 11
91 53 66
91 54 50
91 55 2
91 56 23
91 57 0
91 58 11
91 59 69
91 60 5
91 61 6
91 62 76
91 63 4
91 64 91
91 65 4
91 66 37
91 67 10
91 68 59
91 69 72
91 70 53
91 71 17
91 72 68
91 73 46
91 74 60
91 75 74
91 76 95
91 77 38
91 78 84
91 79 87
91 80 13
91 81 26
91 82 4
91 83 99
91 84 19
91 85 59
91 86 49
91 87 66
91 88 18
91 89 52
91 90 74
91 91 64
91 92 5
91 93 34
91 94 78
91 95 92
91 96 22
91 97 50
91 98 77
91 99 63
92 0 23
92 1 69
92 2 67
92 3 67
92 4 75
92 5 57
92 6 43
92 7 25
92 8 0
92 9 82
92 10 67
92 11 89
92 12 10
92 13 80
92 14 90
92 15 28
92 16 14
92 17 89
92 18 63
92 19 38
92 20 61
92 21 3
92 22 4
92 23 96
92 24 66
92 25 95
92 26 7
92 27 65
92 28 47
92 29 81
92 30 60
92 31 57
92 32 43
92 33 4
92 34 18
92 35 81
92 36 73
92 37 6
92 38 29
92 39 26
92 40 76
92 41 93
92 42 5
92 43 46
92 44 36
92 45 82
92 46 4
92 47 48
92 48 96
92 49 79
92 50 0
92 51 53
92 52 67
92 53 23
92 54 43
92 55 59
92 56 78
92 57 33
92 58 25
92 59 27
92 60 87
92 61 90
92 62 78
92 63 31
92 64 24
92 65 61
92 66 94
92 67 17
92 68 87
92 69 10
92 70 23
92 71 96
92 72 82
92 73 76
92 74 96
92 75 49
92 76 63
92 77 39
92 78 75
92 79 47
92 80 70
92 81 8
92 82 4
92 83 47
92 84 94
92 85 52
92 86 81
92 87 50
92 88 34
92 89 81
92 90 28
92 91 16
92 92 94
92 93 29
92 94 3
92 95 75
92 96 63
92 97 40
92 98 8
92 99 3
93 0 8
93 1 85
93 2 48
93 3 72
93 4 14
93 5 37
93 6 79
93 7 6
93 8 47
93 9 60
93 10 27
93 11 40
93 12 67
93 13 82
93 14 92
93 15 41
93 16 95
93 17 29
93 18 16
93 19 72
93 20 11
93 21 65
93 22 19
93 23 78
93 24 55
93 25 41
93 26 67
93 27 55
93 28 63
93 29 2
93 30 27
93 31 81
93 32 17
93 33 78
93 34 58
93 35 38
93 36 84
93 37 97
93 38 31
93 39 58
93 40 31
93 41 28
93 42 32
93 43 68
93 44 99
93 45 56
93 46 40
93 47 17
93 48 89
93 49 71
93 50 69
93 51 55
93 52 76
93 53 82
93 54 82
93 55 41
93 56 55
93 57 42
93 58 74
93 59 16
93 60 12
93 61 29
93 62 52
93 63 93
93 64 42
93 65 41
93 66 16
93 67 22
93 68 37
93 69 41
93 70 30
93 71 23
93 72 4
93 73 52
93 74 37
93 75 99
93 76 82
93 77 9
93 78 38
93 79 29
93 80 93
93 81 73
93 82 20
93 83 17
93 84 93
93 85 21
93 86 38
93 87 75
93 88 26
93 89 17
93 90 4
93 91 58
93 92 74
93 93 74
93 94 38
93 95 6
93 96 86
93 97 51
93 98 29
93 99 80
94 0 19
94 1 15
94 2 64
94 3 76
94 4 69
94 5 23
94 6 8
94 7 25
94 8 80
94 9 71
94 10 25
94 11 93
94 12 75
94 13 88
94 14 89
94 15 71
94 16 6
94 17 48
94 18 66
94 19 94
94 20 63
94 21 30
94 22 1
94 23 60
94 24 89
94 25 73
94 26 45
94 27 33
94 28 50
94 29 24
94 30 35
94 31 75
94 32 96
94 33 9
94 34 64
94 35 38
94 36 35
94 37 62
94 38 8
94 39 89
94 40 49
94 41 5
94 42 66
94 43 67
94 44 79
94 45 76
94 46 28
94 47 29
94 48 95
94 49 49
94 50 63
94 51 5
94 52 71
94 53 84
94 54 52
94 55 48
94 56 58
94 57 35
94 58 18
94 59 20
94 60 26
94 61 59
94 62 72
94 63 32
94 64 15
94 65 9
94 66 94
94 67 23
94 68 2
94 69 84
94 70 0
94 71 44
94 72 34
94 73 31
94 74 71
94 75 65
94 76 16
94 77 15
94 78 25
94 79 98
94 80 37
94 81 30
94 82 48
94 83 40
94 84 74
94 85 63
94 86 67
94 87 20
94 88 67
94 89 34
94 90 36
94 91 54
94 92 30
94 93 97
94 94 98
94 95 11
94 96 0
94 97 12
94 98 51
94 99 30
95 0 77
95 1 34
95 2 78
95 3 34
95 4 9
95 5 9
95 6 64
95 7 6
95 8 14
95 9 4
95 10 52
95 11 32
95 12 30
95 13 73
95 14 81
95 15 80
95 16 15
95 17 17
95 18 60
95 19 37
95 20 2
95 21 71
95 22 56
95 23 92
95 24 53
95 25 45
95 26 3
95 27 96
95 28 75
95 29 23
95 30 18
95 31 39
95 32 94
95 33 52
95 34 60
95 35 27
95 36 84
95 37 83
95 38 23
95 39 91
95 40 59
95 41 69
95 42 45
95 43 61
95 44 16
95 45 60
95 46 3
95 47 75
95 48 67
95 49 7
95 50 76
95 51 86
95 52 54
95 53 3
95 54 17
95 55 11
95 56 51
95 57 24
95 58 20
95 59 46
95 60 92
95 61 9
95 62 87
95 63 74
95 64 86
95 65 53
95 66 79
95 67 3
95 68 10
95 69 1
95 70 95
95 71 70
95 72 73
95 73 94
95 74 3
95 75 98
95 76 86
95 77 33
95 78 5
95 79 48
95 80 30
95 81 32
95 82 95
95 83 73
95 84 55
95 85 76
95 86 99
95 87 44
95 88 70
95 89 17
95 90 81
95 91 15
95 92 48
95 93 81
95 94 95
95 95 48
95 96 88
95 97 93
95 98 87
95 99 93
96 0 71
96 1 63
96 2 53
96 3 5
96 4 93
96 5 80
96 6 44
96 7 98
96 8 0
96 9 94
96 10 16
96 11 96
96 12 83
96 13 37
96 14 73
96 15 12
96 16 33
96 17 88
96 18 31
96 19 58
96 20 88
96 21 9
96 22 54
96 23 9
96 24 9
96 25 53
96 26 54
96 27 28
96 28 94
96 29 49
96 30 28
96 31 50
96 32 64
96 33 9
96 34 11
96 35 84
96 36 38
96 37 31
96 38 10
96 39 55
96 40 22
96 41 81
96 42 59
96 43 25
96 44 43
96 45 17
96 46 98
96 47 4
96 48 61
96 49 93
96 50 52
96 51 42
96 52 53
96 53 31
96 54 99
96 55 57
96 56 13
96 57 59
96 58 10
96 59 46
96 60 13
96 61 25
96 62 58
96 63 82
96 64 79
96 65 55
96 66 9
96 67 65
96 68 69
96 69 26
96 70 90
96 71 23
96 72 61
96 73 73
96 74 42
96 75 34
96 76 9
96 77 45
96 78 82
96 79 25
96 80 45
96 81 53
96 82 91
96 83 30
96 84 91
96 85 64
96 86 95
96 87 18
96 88 43
96 89 45
96 90 45
96 91 67
96 92 56
96 93 32
96 94 17
96 95 89
96 96 98
96 97 41
96 98 50
96 99 10
97 0 98
97 1 69
97 2 0
97 3 39
97 4 67
97 5 45
97 6 10
97 7 83
97 8 67
97 9 92
97 10 53
97 11 30
97 12 11
97 13 63
97 14 75
97 15 32
97 16 96
97 17 79
97 18 32
97 19 54
97 20 71
97 21 86
97 22 67
97 23 98
97 24 28
97 25 90
97 26 53
97 27 66
97 28 28
97 29 23
97 30 86
97 31 90
97 32 28
97 33 70
97 34 1
97 35 27
97 36 90
97 37 35
97 38 78
97 39 9
97 40 34
97 41 40
97 42 39
97 43 37
97 44 62
97 45 30
97 46 69
97 47 4
97 48 4
97 49 73
97 50 25
97 51 31
97 52 73
97 53 66
97 54 63
97 55 79
97 56 29
97 57 12
97 58 37
97 59 46
97 60 36
97 61 17
97 62 74
97 63 53
97 64 8
97 65 98
97 66 51
97 67 86
97 68 93
97 69 10
97 70 31
97 71 66
97 72 69
97 73 65
97 74 15
97 75 24
97 76 6
97 77 88
97 78 43
97 79 8
97 80 53
97 81 46
97 82 49
97 83 50
97 84 10
97 85 36
97 86 21
97 87 91
97 88 18
97 89 50
97 90 99
97 91 73
97 92 21
97 93 51
97 94 1
97 95 80
97 96 54
97 97 75
97 98 98
97 99 78
98 0 84
98 1 54
98 2 4
98 3 37
98 4 10
98 5 24
98 6 71
98 7 88
98 8 83
98 9 39
98 10 76
98 11 46
98 12 5
98 13 73
98 14 41
98 15 47
98 16 96
98 17 42
98 18 10
98 19 92
98 20 88
98 21 15
98 22 45
98 23 55
98 24 28
98 25 61
98 26 79
98 27 82
98 28 77
98 29 41
98 30 40
98 31 41
98 32 91
98 33 46
98 34 22
98 35 47
98 36 82
98 37 61
98 38 41
98 39 33
98 40 81
98 41 61
98 42 73
98 43 13
98 44 68
98 45 62
98 46 78
98 47 69
98 48 65
98 49 59
98 50 5
98 51 5
98 52 11
98 53 36
98 54 81
98 55 96
98 56 26
98 57 0
98 58 41
98 59 27
98 60 18
98 61 63
98 62 20
98 63 92
98 64 62
98 65 72
98 66 79
98 67 58
98 68 36
98 69 67
98 70 99
98 71 74
98 72 93
98 73 21
98 74 80
98 75 5
98 76 96
98 77 10
98 78 18
98 79 29
98 80 36
98 81 19
98 82 59
98 83 43
98 84 86
98 85 24
98 86 49
98 87 7
98 88 92
98 89 26
98 90 74
98 91 0
98 92 92
98 93 94
98 94 70
98 95 31
98 96 62
98 97 15
98 98 78
98 99 13
99 0 54
99 1 58
99 2 7
99 3 12
99 4 1
99 5 7
99 6 65
99 7 87
99 8 99
99 9 1
99 10 6
99 11 88
99 12 13
99 13 38
99 14 31
99 15 55
99 16 46
99 17 20
99 18 98
99 19 69
99 20 84
99 21 76
99 22 7
99 23 56
99 24 61
99 25 2
99 26 9
99 27 57
99 28 37
99 29 71
99 30 52
99 31 16
99 32 41
99 33 7
99 34 90
99 35 67
99 36 27
99 37 30
99 38 27
99 39 38
99 40 17
99 41 90
99 42 22
99 43 91
99 44 52
99 45 88
99 46 33
99 47 66
99 48 91
99 49 12
99 50 68
99 51 46
99 52 84
99 53 54
99 54 15
99 55 43
99 56 27
99 57 93
99 58 51
99 59 3
99 60 77
99 61 76
99 62 95
99 63 7
99 64 24
99 65 42
99 66 64
99 67 99
99 68 46
99 69 76
99 70 50
99 71 6
99 72 99
99 73 93
99 74 14
99 75 73
99 76 10
99 77 1
99 78 90
99 79 27
99 80 68
99 81 34
99 82 63
99 83 6
99 84 19
99 85 57
99 86 91
99 87 25
99 88 22
99 89 42
99 90 26
99 91 81
99 92 5
99 93 30
99 94 39
99 95 67
99 96 93
99 97 54
99 98 85
99 99 76
-10
-9
-8
-7
-6
-5
-4
-3
-2
-1
0
1
2
3
4
5
6
7
8
9
10
11
12
13
14
15
16
17
18
19
20
21
22
23
24
25
26
27
28
29
30
31
32
33
34
35
36
37
38
39
40
41
42
43
44
45
46
47
48
49
50
51
52
53
54
55
56
57
58
59
60
61
62
63
64
65
66
67
68
69
70
71
72
73
74
75
76
77
78
79
80
81
82
83
84
85
86
87
88
89